,startpoints,n_starts,n_par,options
0,0.030301349230986707,10.0,11.0,
1,0.005471531480763292,,,
2,0.05053310342540729,,,
3,0.47409380365094045,,,
4,0.6665399970634606,,,
5,0.24421708414824972,,,
6,0.2591428353009224,,,
7,0.9550139470505183,,,
8,0.3418975443357344,,,
9,0.09007351459415025,,,
10,0.6091958447642922,,,
11,0.7143517217715315,,,
12,0.09978711953028441,,,
13,0.37073343757127075,,,
14,0.5895265880865453,,,
15,0.7185737090527763,,,
16,0.8529561791383179,,,
17,0.4114832833586807,,,
18,0.7822763940684169,,,
19,0.9958663537357506,,,
20,0.4262129737052781,,,
21,0.5449219137015975,,,
22,0.028257444404431342,,,
23,0.11793394019260561,,,
24,0.4889100441173345,,,
25,0.2572826484258638,,,
26,0.9706710806084501,,,
27,0.04410237958003693,,,
28,0.6119390548135208,,,
29,0.8900696491291675,,,
30,0.48400558380180925,,,
31,0.3043261152883956,,,
32,0.1366774068596187,,,
33,0.21074056525030005,,,
34,0.5422534659327456,,,
35,0.002172242256567314,,,
36,0.9506196536390104,,,
37,0.832271210389218,,,
38,0.7049538939895335,,,
39,0.3038040348827019,,,
40,0.461696738408917,,,
41,0.8388407149387779,,,
42,0.34583774206281115,,,
43,0.27654526093736276,,,
44,0.0970625492725884,,,
45,0.3348776988055838,,,
46,0.9262693602642422,,,
47,0.3808122068090306,,,
48,0.21893617930316878,,,
49,0.5641335136733964,,,
50,0.1953256708218003,,,
51,0.2947647795536035,,,
52,0.5729523219940846,,,
53,0.537805023425831,,,
54,0.6350211665275791,,,
55,0.47322054551889325,,,
56,0.10886246263835475,,,
57,0.01684385067836447,,,
58,0.17602194839456964,,,
59,0.7953785321233086,,,
60,0.8440183508861836,,,
61,0.901921295110453,,,
62,0.4738622754398014,,,
63,0.15966034795613904,,,
64,0.5573009119743704,,,
65,0.8844085055689176,,,
66,0.07959625141220317,,,
67,0.3898789235084932,,,
68,0.08668529517707602,,,
69,0.6431472901672561,,,
70,0.29400537630162593,,,
71,0.9365473836651466,,,
72,0.5058119600881908,,,
73,0.5899515333755548,,,
74,0.431738240532767,,,
75,0.450342775051248,,,
76,0.7352551229791257,,,
77,0.46480342790495177,,,
78,0.19149682263450785,,,
79,0.5294437605876624,,,
80,0.9556507799029977,,,
81,0.2982770201475251,,,
82,0.4217653012417333,,,
83,0.3578515648981174,,,
84,0.9156463997610038,,,
85,0.8376787006904987,,,
86,0.3417119710975801,,,
87,0.07873841432576656,,,
88,0.8822688278877411,,,
89,0.48719148152118075,,,
90,0.03920818517575275,,,
91,0.04022197774919678,,,
92,0.14908514055492594,,,
93,0.3043792475198709,,,
94,0.9517590693012943,,,
95,0.1469991248274356,,,
96,0.7602179304177226,,,
97,0.95374758578225,,,
98,0.21840059471947693,,,
99,0.8702566449895394,,,
100,0.7473296800771595,,,
101,0.5779859876630569,,,
102,0.5407555337555392,,,
103,0.33369660441547144,,,
104,0.5312179741950691,,,
105,0.5851529904068448,,,
106,0.3138690062117687,,,
107,0.3774863016386584,,,
108,0.9538959849031474,,,
109,0.8141494568288749,,,
