,n_start,xs,fval,best_par,nominal_par,par_names,opt_lh,conv_points,comp_time,opt_interval,startpoints,options
0,10.0,0.6871488384046426,202.6784241269565,0.6871488384046426,0.700290524,delta_EL,190.96397891210867,1.0,26.306498765945435,0.0,"[0.32303245 0.74382486 0.43729971 0.08749669 0.02965457 0.85049943
 0.66804047 0.4437605  0.63022928 0.71453894 0.43938733 0.28176083]","MODEL: Crauste model base, 
SCALE: logicle(T=100, end_lin=1e-05)
STARTS: 10
CONV POINTS: 1
TIME: 26.306498765945435"
1,,0.5305351444334867,313.0126640024439,0.5305351444334867,0.521868674,delta_LM,,,,0.0,"[0.57321811 0.48867592 0.44658151 0.42671969 0.67352855 0.93956921
 0.77902377 0.45612598 0.97133597 0.7154016  0.83514962 0.37700329]",
2,,0.19508336965203,314.76054356826796,0.19508336965203,0.485517307,delta_NE,,,,0.0,"[0.05899369 0.23737331 0.85487045 0.04631283 0.63803781 0.9620958
 0.25607335 0.86169995 0.76030811 0.10857529 0.72577862 0.44911766]",
3,,0.06288736522902809,316.0773936489599,0.06288736522902809,0.150198005,mu_EE,,,,0.0,"[0.0108753  0.55744706 0.8959155  0.68528707 0.93346519 0.36342532
 0.86690861 0.71109555 0.78493059 0.91089893 0.86628474 0.85329811]",
4,,0.0,319.1558846487518,0.0,7.329933769999999e-07,mu_LE,,,,0.0,"[0.56086707 0.53194298 0.57774124 0.74230578 0.33302053 0.68209724
 0.85624682 0.07848944 0.932536   0.46192942 0.88787949 0.89815069]",
5,,0.03858982363633977,1761.058107038224,0.03858982363633977,0.0550667813,mu_LL,,,,0.0,"[0.59331579 0.28950872 0.80274699 0.24924221 0.70826748 0.193063
 0.26698891 0.65537553 0.36675729 0.41720857 0.58265184 0.6068777 ]",
6,,0.9886727858058575,2044.4562243029902,0.9886727858058575,0.7206007659999999,mu_N,,,,0.0,"[0.74943536 0.64205813 0.96817332 0.19875861 0.23259913 0.45995015
 0.22064271 0.11869868 0.16297221 0.81803964 0.25136406 0.53051408]",
7,,7.815958620399934e-07,8488.947256999238,7.815958620399934e-07,0.0655603529,mu_P,,,,0.0,"[0.64595984 0.25573642 0.21309081 0.26534199 0.14013537 0.13130779
 0.20856463 0.48004372 0.56228814 0.09002203 0.4947222  0.43586028]",
8,,0.0,inf,0.0,1.0010624900000001e-06,mu_PE,,,,0.0,"[0.22446279 0.25396778 0.6512186  0.83881568 0.97797047 0.19848613
 0.64767775 0.13809132 0.52347434 0.74239027 0.35859779 0.89808651]",
9,,0.09832497694477085,inf,0.09832497694477085,0.145436161,mu_PL,,,,0.0,"[0.1056221  0.92302886 0.12844806 0.83679315 0.9240277  0.1473394
 0.39379653 0.23478022 0.09388088 0.195346   0.42652775 0.8349824 ]",
10,,0.7772553350288616,,0.7772553350288616,0.699120816,rho_E,,,,0.0,,
11,,0.5743465407667094,,0.5743465407667094,0.6199618379999999,rho_P,,,,0.0,,
12,,0.0,,,,,,,,1.0,,
13,,0.5269426751710594,,,,,,,,1.0,,
14,,0.02249459676341794,,,,,,,,1.0,,
15,,0.0,,,,,,,,1.0,,
16,,0.6220891855681419,,,,,,,,1.0,,
17,,0.8228774625757458,,,,,,,,1.0,,
18,,0.7221215760956402,,,,,,,,1.0,,
19,,0.4559696918748783,,,,,,,,1.0,,
20,,0.6257807860842028,,,,,,,,1.0,,
21,,0.7153351238048397,,,,,,,,1.0,,
22,,0.999591870235673,,,,,,,,1.0,,
23,,0.37701653729900453,,,,,,,,1.0,,
24,,0.0,,,,,,,,,,
25,,0.23737653738244024,,,,,,,,,,
26,,0.8635809835761201,,,,,,,,,,
27,,0.0,,,,,,,,,,
28,,0.6363527191885631,,,,,,,,,,
29,,0.9620957623915337,,,,,,,,,,
30,,0.9998843928152787,,,,,,,,,,
31,,0.0,,,,,,,,,,
32,,0.0,,,,,,,,,,
33,,0.10857528921733536,,,,,,,,,,
34,,0.4011857681816638,,,,,,,,,,
35,,0.5475998455580788,,,,,,,,,,
36,,0.010860220211497426,,,,,,,,,,
37,,0.5574470910129654,,,,,,,,,,
38,,0.8984193837345478,,,,,,,,,,
39,,0.0,,,,,,,,,,
40,,0.9334651078487379,,,,,,,,,,
41,,0.36342531850903925,,,,,,,,,,
42,,0.8668357477760008,,,,,,,,,,
43,,0.7110907592548494,,,,,,,,,,
44,,0.7819125370794165,,,,,,,,,,
45,,0.9108989273409988,,,,,,,,,,
46,,0.866330608773441,,,,,,,,,,
47,,0.8533347769667522,,,,,,,,,,
48,,0.7561180579238813,,,,,,,,,,
49,,0.6170774730609887,,,,,,,,,,
50,,0.6222016116731687,,,,,,,,,,
51,,0.43949163914188083,,,,,,,,,,
52,,0.33233353913750513,,,,,,,,,,
53,,0.5265883120156185,,,,,,,,,,
54,,0.8521350287426548,,,,,,,,,,
55,,0.07848943214423917,,,,,,,,,,
56,,0.8762398799506724,,,,,,,,,,
57,,0.4619294069575238,,,,,,,,,,
58,,0.8939045316028936,,,,,,,,,,
59,,0.9061884259792657,,,,,,,,,,
60,,0.5933157945810847,,,,,,,,,,
61,,0.28950871547387247,,,,,,,,,,
62,,0.8027469910904854,,,,,,,,,,
63,,0.2492422108680442,,,,,,,,,,
64,,0.7082674781101583,,,,,,,,,,
65,,0.1930630004214564,,,,,,,,,,
66,,0.26698891417317283,,,,,,,,,,
67,,0.655375533947533,,,,,,,,,,
68,,0.36675728517266615,,,,,,,,,,
69,,0.41720856683116014,,,,,,,,,,
70,,0.5826518354968269,,,,,,,,,,
71,,0.6068776969678165,,,,,,,,,,
72,,0.7494353574264365,,,,,,,,,,
73,,0.642058131005427,,,,,,,,,,
74,,0.9681733174556292,,,,,,,,,,
75,,0.19875861242426252,,,,,,,,,,
76,,0.232599130142908,,,,,,,,,,
77,,0.4599501527715123,,,,,,,,,,
78,,0.22064271071614772,,,,,,,,,,
79,,0.11869867759920116,,,,,,,,,,
80,,0.16297220821003133,,,,,,,,,,
81,,0.8180396396377112,,,,,,,,,,
82,,0.25136405530676476,,,,,,,,,,
83,,0.5305140793971939,,,,,,,,,,
84,,0.6459598400279964,,,,,,,,,,
85,,0.2557364150697967,,,,,,,,,,
86,,0.21309081237597038,,,,,,,,,,
87,,0.26534198583211976,,,,,,,,,,
88,,0.14013537429940492,,,,,,,,,,
89,,0.13130778960434575,,,,,,,,,,
90,,0.20856463371809653,,,,,,,,,,
91,,0.4800437154570001,,,,,,,,,,
92,,0.562288140248155,,,,,,,,,,
93,,0.09002202860491226,,,,,,,,,,
94,,0.49472220308197756,,,,,,,,,,
95,,0.4358602753115426,,,,,,,,,,
96,,0.0,,,,,,,,,,
97,,0.0,,,,,,,,,,
98,,0.0,,,,,,,,,,
99,,0.0,,,,,,,,,,
100,,0.0,,,,,,,,,,
101,,0.0,,,,,,,,,,
102,,0.0,,,,,,,,,,
103,,0.0,,,,,,,,,,
104,,0.0,,,,,,,,,,
105,,0.0,,,,,,,,,,
106,,0.0,,,,,,,,,,
107,,0.0,,,,,,,,,,
108,,0.0,,,,,,,,,,
109,,0.0,,,,,,,,,,
110,,0.0,,,,,,,,,,
111,,0.0,,,,,,,,,,
112,,0.0,,,,,,,,,,
113,,0.0,,,,,,,,,,
114,,0.0,,,,,,,,,,
115,,0.0,,,,,,,,,,
116,,0.0,,,,,,,,,,
117,,0.0,,,,,,,,,,
118,,0.0,,,,,,,,,,
119,,0.0,,,,,,,,,,
