,n_start,xs,fval,best_par,nominal_par,par_names,opt_lh,conv_points,comp_time,opt_interval,startpoints,options
0,10.0,-0.4518628118251154,243.41334821639225,-0.4518628118251154,-0.285715569025781,delta_EL,190.96503019923216,1.0,34.557186126708984,-5.0,"[-4.8336896  -3.71147326 -2.03187103 -2.44353336 -8.80322583 -1.68417782
 -3.15416879 -0.72719825 -0.86845509 -4.67743458 -0.05681805 -3.61931235
 -5.25057676 -8.84215843 -5.66670345 -5.28814208 -0.74274489 -2.40559439
 -9.08997252 -0.20420036 -8.01404357 -2.21999059]","MODEL: crauste model comprehensive, 
SCALE: log10
STARTS: 10
CONV POINTS: 1
TIME: 34.557186126708984"
1,,-1.0628637059126242,259.502977393325,-1.0628637059126242,-1.64626381190955,delta_LM,,,,-5.0,"[-2.82292181 -2.25384824 -1.20827881 -4.19837287 -3.05290425 -5.26821394
 -0.36319838 -1.00606534 -9.04744717 -4.88241767 -1.46890719 -4.43278716
 -9.84709436 -7.35982712 -9.7000233  -0.59933788 -2.74845159 -6.67695356
 -2.53042263 -3.47862778 -5.19427262 -5.87615705]",
2,,-2.6868350874504174,286.3087520056612,-2.6868350874504174,-1.92333087368794,delta_NE,,,,-5.0,"[-1.16271834 -4.4471658  -2.64433841 -2.78022201 -2.03089065 -5.35360965
 -4.10382278 -0.20754236 -5.96994247 -1.12620615 -4.50048647 -4.01219288
 -4.74883844 -9.32137637 -3.13341068 -2.20704268 -4.4743006  -5.24119309
 -9.63061265 -6.97493446 -1.52543604 -1.4336049 ]",
3,,-4.994878738456844,291.6764794294313,-4.994878738456844,-4.407424157293231,mu_EE,,,,-5.0,"[-1.45473508 -3.45050451 -2.23203922 -1.94346649 -9.6292967  -5.08367983
 -0.14500547 -3.56199292 -1.19489553 -2.73393924 -4.35052238 -2.24340237
 -7.57885528 -7.39325443 -2.02561251 -9.23096154 -4.46635844 -6.89780205
 -4.89568629 -5.11322149 -7.06630046 -4.43495859]",
4,,-8.812278668971711,313.043305056632,-8.812278668971711,-9.99999999999997,mu_LE,,,,-10.0,"[-0.06043353 -4.20713917 -2.18988515 -3.92403269 -4.91910264 -9.00527709
 -1.73545775 -1.71281953 -4.28612855 -1.86867654 -1.30751086 -3.18593759
 -8.44829036 -5.11208948 -8.80195626 -2.35197259 -1.3190016  -9.58773079
 -5.16185463 -8.0436767  -2.45943312 -1.3716167 ]",
5,,-9.99999834276896,1405.3192159234559,-9.99999834276896,-5.090700702632191,mu_LL,,,,-10.0,"[-0.97357431 -0.31471928 -0.86864261 -2.43068943 -7.96181837 -1.70546039
 -1.43953885 -2.03180693 -9.68126775 -4.30063253 -1.06953252 -3.33091957
 -6.08225673 -6.84832336 -4.16554331 -6.29901484 -2.73426635 -9.59918693
 -9.14288757 -1.9796078  -7.19280382 -8.21080783]",
6,,-0.15243515107970182,7546.113459408393,-0.15243515107970182,-0.13082268528194602,mu_N,,,,-5.0,"[-1.86594816 -1.385533   -2.27235435 -0.43170741 -9.08508451 -0.63336774
 -4.74276445 -4.8102203  -4.62490513 -1.33148747 -0.68765157 -0.24433513
 -6.18759335 -2.25833632 -3.3684825  -8.38351281 -3.31381066 -4.81991863
 -6.72355655 -0.52504831 -3.09977175 -7.46208752]",
7,,-5.0,7693.119998599214,-5.0,-4.999999984703741,mu_P,,,,-5.0,"[-4.39085358 -0.8977507  -1.17791776 -3.86136621 -6.28582689 -3.59197955
 -2.86427545 -0.73905333 -2.09508899 -1.50565519 -2.75674928 -1.29401724
 -8.83392583 -5.6123466  -8.15113199 -3.59021192 -3.80080802 -8.89204539
 -5.91976086 -3.55017896 -8.39582726 -8.21482676]",
8,,-7.852155559515843,inf,-7.852155559515843,-9.85001546652046,mu_PE,,,,-10.0,"[-1.64688605 -4.45420271 -4.25487478 -0.48657035 -8.15128088 -4.22854869
 -3.39275012 -2.4739187  -8.20525443 -4.43328838 -1.17978364 -1.24445063
 -1.75771793 -5.58947719 -1.05043642 -2.45518405 -6.55989272 -6.20500178
 -8.71345958 -6.11481188 -4.2422557  -4.00959741]",
9,,-4.2541367683669975,inf,-4.2541367683669975,-4.43961138871735,mu_PL,,,,-5.0,"[-0.75082005 -3.39032535 -1.93087595 -2.63472701 -1.72435723 -5.41757188
 -2.38843953 -3.06526561 -7.9832163  -1.2151985  -0.07939477 -0.23940461
 -8.74659389 -6.78983431 -3.79067659 -5.01995896 -0.09176188 -3.78455477
 -9.96161821 -7.47541619 -1.04296629 -9.19489891]",
10,,-0.03810597520592394,,-0.03810597520592394,-0.294636143004535,rho_E,,,,-5.0,,
11,,-1.1186683611473995,,-1.1186683611473995,-0.8983137706244009,rho_P,,,,-5.0,,
12,,-5.11784079509058,,-5.11784079509058,-10.0,delta_NM,,,,-10.0,,
13,,-8.841872114408261,,-8.841872114408261,-10.0,delta_NL,,,,-10.0,,
14,,-5.672775850498271,,-5.672775850498271,-10.0,delta_EM,,,,-10.0,,
15,,-5.288194692494254,,-5.288194692494254,-10.0,delta_ME,,,,-10.0,,
16,,-1.2992325361739279,,-1.2992325361739279,-10.0,delta_LE,,,,-10.0,,
17,,-2.435501620345437,,-2.435501620345437,-10.0,delta_ML,,,,-10.0,,
18,,-9.089958572140887,,-9.089958572140887,-10.0,mu_E,,,,-10.0,,
19,,-1.6657648334026585,,-1.6657648334026585,-10.0,mu_M,,,,-10.0,,
20,,-8.01404412460947,,-8.01404412460947,-10.0,mu_L,,,,-10.0,,
21,,-5.277734167413875,,-5.277734167413875,-10.0,mu_EL,,,,-10.0,,
22,,-0.41946843058100575,,,,,,,,0.0,,
23,,-1.0296444873473518,,,,,,,,0.0,,
24,,-2.1393628030794685,,,,,,,,0.0,,
25,,-4.998633339168428,,,,,,,,0.0,,
26,,-6.427991818535333,,,,,,,,0.0,,
27,,-6.2255195505067285,,,,,,,,0.0,,
28,,-0.12683404076237434,,,,,,,,0.0,,
29,,-3.345778322585031,,,,,,,,0.0,,
30,,-9.007508049410173,,,,,,,,0.0,,
31,,-4.6473033680628575,,,,,,,,0.0,,
32,,0.0,,,,,,,,0.0,,
33,,-4.037525145900426,,,,,,,,0.0,,
34,,-9.847073565094163,,,,,,,,0.0,,
35,,-7.354225490420612,,,,,,,,0.0,,
36,,-9.699958450807035,,,,,,,,0.0,,
37,,-4.260479650407992,,,,,,,,0.0,,
38,,-2.5464305353853116,,,,,,,,0.0,,
39,,-6.676987383593304,,,,,,,,0.0,,
40,,-5.462026479469214,,,,,,,,0.0,,
41,,-3.5176767088824517,,,,,,,,0.0,,
42,,-5.196167650584542,,,,,,,,0.0,,
43,,-6.23687036854703,,,,,,,,0.0,,
44,,-5.0,,,,,,,,,,
45,,-4.446538910031989,,,,,,,,,,
46,,-3.1676198677011196,,,,,,,,,,
47,,-5.0,,,,,,,,,,
48,,-0.0004076496667638087,,,,,,,,,,
49,,-5.353534481423521,,,,,,,,,,
50,,-0.1196907848496905,,,,,,,,,,
51,,-5.0,,,,,,,,,,
52,,-4.673444312508541,,,,,,,,,,
53,,-4.999889091349331,,,,,,,,,,
54,,0.0,,,,,,,,,,
55,,-4.980800583861407,,,,,,,,,,
56,,-10.0,,,,,,,,,,
57,,-9.321377626154971,,,,,,,,,,
58,,-0.41534175383241323,,,,,,,,,,
59,,-10.0,,,,,,,,,,
60,,-4.473865442666099,,,,,,,,,,
61,,-5.62426961544849,,,,,,,,,,
62,,-9.630629448711211,,,,,,,,,,
63,,-6.980421968507271,,,,,,,,,,
64,,-1.140812924921776,,,,,,,,,,
65,,-1.7439880838683708,,,,,,,,,,
66,,-0.6070750689351089,,,,,,,,,,
67,,-5.0,,,,,,,,,,
68,,-0.7929164323043784,,,,,,,,,,
69,,-5.0,,,,,,,,,,
70,,-9.631179661402825,,,,,,,,,,
71,,-10.0,,,,,,,,,,
72,,-0.22586630612535682,,,,,,,,,,
73,,-2.687651811168921,,,,,,,,,,
74,,-9.502957277340373,,,,,,,,,,
75,,-5.0,,,,,,,,,,
76,,-4.48407482960968,,,,,,,,,,
77,,-3.809519627662511,,,,,,,,,,
78,,-7.98950843522919,,,,,,,,,,
79,,-7.825134040688429,,,,,,,,,,
80,,-1.2031680191253342,,,,,,,,,,
81,,-9.23122286359198,,,,,,,,,,
82,,-3.64623171075728,,,,,,,,,,
83,,-6.9309259307692175,,,,,,,,,,
84,,-4.226694947321013,,,,,,,,,,
85,,-6.85377482958749,,,,,,,,,,
86,,-7.152496746858115,,,,,,,,,,
87,,-9.376464614216676,,,,,,,,,,
88,,-5.0,,,,,,,,,,
89,,-4.167492563819309,,,,,,,,,,
90,,-1.1712981182239468,,,,,,,,,,
91,,-5.0,,,,,,,,,,
92,,-4.648833251179422,,,,,,,,,,
93,,-9.00526003115968,,,,,,,,,,
94,,-0.16702205978484638,,,,,,,,,,
95,,-5.0,,,,,,,,,,
96,,-6.474339343623869,,,,,,,,,,
97,,-1.5946078176217233,,,,,,,,,,
98,,-4.424505985878777,,,,,,,,,,
99,,-2.030817702127918,,,,,,,,,,
100,,-8.44710393058377,,,,,,,,,,
101,,-7.663956949847358,,,,,,,,,,
102,,-8.801856761805874,,,,,,,,,,
103,,-2.3521147167768746,,,,,,,,,,
104,,-0.0003932636605170287,,,,,,,,,,
105,,-9.58773079065556,,,,,,,,,,
106,,-5.198259021635014,,,,,,,,,,
107,,-8.043676702335455,,,,,,,,,,
108,,-0.2024643572277569,,,,,,,,,,
109,,-10.0,,,,,,,,,,
110,,-0.9735743128890135,,,,,,,,,,
111,,-0.31471927832555924,,,,,,,,,,
112,,-0.8686426145946244,,,,,,,,,,
113,,-2.430689432748726,,,,,,,,,,
114,,-7.961818373196669,,,,,,,,,,
115,,-1.70546038852045,,,,,,,,,,
116,,-1.4395388533397369,,,,,,,,,,
117,,-2.0318069286401053,,,,,,,,,,
118,,-9.681267745468649,,,,,,,,,,
119,,-4.300632532109051,,,,,,,,,,
120,,-1.0695325220622114,,,,,,,,,,
121,,-3.330919574221407,,,,,,,,,,
122,,-6.08225673043052,,,,,,,,,,
123,,-6.848323358065194,,,,,,,,,,
124,,-4.165543311430549,,,,,,,,,,
125,,-6.2990148369177525,,,,,,,,,,
126,,-2.734266348772022,,,,,,,,,,
127,,-9.599186933930545,,,,,,,,,,
128,,-9.14288756746731,,,,,,,,,,
129,,-1.9796078045732237,,,,,,,,,,
130,,-7.19280381888474,,,,,,,,,,
131,,-8.210807826080377,,,,,,,,,,
132,,-1.8659481555946673,,,,,,,,,,
133,,-1.385532997941517,,,,,,,,,,
134,,-2.2723543523959573,,,,,,,,,,
135,,-0.4317074075085685,,,,,,,,,,
136,,-9.085084509974168,,,,,,,,,,
137,,-0.6333677380170837,,,,,,,,,,
138,,-4.74276445160792,,,,,,,,,,
139,,-4.810220297484052,,,,,,,,,,
140,,-4.624905132868209,,,,,,,,,,
141,,-1.3314874665764713,,,,,,,,,,
142,,-0.6876515667667888,,,,,,,,,,
143,,-0.2443351346739151,,,,,,,,,,
144,,-6.18759334532303,,,,,,,,,,
145,,-2.2583363207313223,,,,,,,,,,
146,,-3.3684824974084373,,,,,,,,,,
147,,-8.383512808966302,,,,,,,,,,
148,,-3.3138106624437302,,,,,,,,,,
149,,-4.819918625393428,,,,,,,,,,
150,,-6.723556553633534,,,,,,,,,,
151,,-0.5250483060636011,,,,,,,,,,
152,,-3.0997717455734684,,,,,,,,,,
153,,-7.46208751894382,,,,,,,,,,
154,,-4.390853583643269,,,,,,,,,,
155,,-0.8977506989445807,,,,,,,,,,
156,,-1.1779177583425104,,,,,,,,,,
157,,-3.861366205621182,,,,,,,,,,
158,,-6.285826886155414,,,,,,,,,,
159,,-3.5919795503251013,,,,,,,,,,
160,,-2.8642754451236434,,,,,,,,,,
161,,-0.739053330517013,,,,,,,,,,
162,,-2.095088990898982,,,,,,,,,,
163,,-1.5056551893887358,,,,,,,,,,
164,,-2.7567492845787416,,,,,,,,,,
165,,-1.2940172400840004,,,,,,,,,,
166,,-8.833925832557458,,,,,,,,,,
167,,-5.612346603814493,,,,,,,,,,
168,,-8.151131991074692,,,,,,,,,,
169,,-3.5902119172815814,,,,,,,,,,
170,,-3.8008080234497523,,,,,,,,,,
171,,-8.892045385899255,,,,,,,,,,
172,,-5.919760864176768,,,,,,,,,,
173,,-3.550178958355424,,,,,,,,,,
174,,-8.395827258476828,,,,,,,,,,
175,,-8.214826764539783,,,,,,,,,,
176,,0.0,,,,,,,,,,
177,,0.0,,,,,,,,,,
178,,0.0,,,,,,,,,,
179,,0.0,,,,,,,,,,
180,,0.0,,,,,,,,,,
181,,0.0,,,,,,,,,,
182,,0.0,,,,,,,,,,
183,,0.0,,,,,,,,,,
184,,0.0,,,,,,,,,,
185,,0.0,,,,,,,,,,
186,,0.0,,,,,,,,,,
187,,0.0,,,,,,,,,,
188,,0.0,,,,,,,,,,
189,,0.0,,,,,,,,,,
190,,0.0,,,,,,,,,,
191,,0.0,,,,,,,,,,
192,,0.0,,,,,,,,,,
193,,0.0,,,,,,,,,,
194,,0.0,,,,,,,,,,
195,,0.0,,,,,,,,,,
196,,0.0,,,,,,,,,,
197,,0.0,,,,,,,,,,
198,,0.0,,,,,,,,,,
199,,0.0,,,,,,,,,,
200,,0.0,,,,,,,,,,
201,,0.0,,,,,,,,,,
202,,0.0,,,,,,,,,,
203,,0.0,,,,,,,,,,
204,,0.0,,,,,,,,,,
205,,0.0,,,,,,,,,,
206,,0.0,,,,,,,,,,
207,,0.0,,,,,,,,,,
208,,0.0,,,,,,,,,,
209,,0.0,,,,,,,,,,
210,,0.0,,,,,,,,,,
211,,0.0,,,,,,,,,,
212,,0.0,,,,,,,,,,
213,,0.0,,,,,,,,,,
214,,0.0,,,,,,,,,,
215,,0.0,,,,,,,,,,
216,,0.0,,,,,,,,,,
217,,0.0,,,,,,,,,,
218,,0.0,,,,,,,,,,
219,,0.0,,,,,,,,,,
