,n_start,xs,fval,best_par,nominal_par,par_names,opt_lh,conv_points,comp_time,opt_interval,startpoints,options
0,10.0,0.0035783480632271586,289.65500843496477,0.0035783480632271586,0.619111204,delta_EL,190.96400782864714,1.0,15.436338186264038,0.0,"[0.21356841 0.31773393 0.52422443 0.3802699  0.543748   0.62338607
 0.40366341 0.34226099 0.76710106 0.66170885 0.59407219 0.07223537]","MODEL: Crauste model base, 
SCALE: logicle(T=1000, end_lin=1e-05)
STARTS: 10
CONV POINTS: 1
TIME: 15.436338186264038"
1,,0.31775992161254535,294.7419066781033,0.31775992161254535,0.46137243200000005,delta_LM,,,,0.0,"[0.89475672 0.17404491 0.86157447 0.36406571 0.14720189 0.00209515
 0.71442321 0.60564789 0.90328624 0.79384338 0.90637623 0.70840601]",
2,,0.002296168770717741,296.617784459891,0.002296168770717741,0.429235001,delta_NE,,,,0.0,"[0.64481687 0.52570288 0.99370156 0.56751342 0.97228018 0.11713784
 0.03879084 0.08946348 0.87579352 0.25765739 0.40099368 0.27361421]",
3,,0.09266625499151726,296.61780693158755,0.09266625499151726,0.132786696,mu_EE,,,,0.0,"[0.42520435 0.53147757 0.39458953 0.9432358  0.02248525 0.11547346
 0.01103698 0.67567835 0.74173832 0.49770742 0.44719096 0.2721465 ]",
4,,0.5441787215399637,313.01297932834564,0.5441787215399637,6.48023012e-07,mu_LE,,,,0.0,"[0.1517495  0.69778728 0.65270699 0.34211222 0.76730063 0.29998953
 0.64837922 0.83732448 0.91992598 0.24180041 0.91972067 0.17220046]",
5,,0.6233868434580355,317.8651930724605,0.6233868434580355,0.0486833074,mu_LL,,,,0.0,"[0.77943858 0.04486633 0.60797912 0.49363452 0.33021774 0.92055086
 0.84007349 0.53308576 0.71585343 0.12480471 0.92845406 0.5772122 ]",
6,,0.9998626517794659,318.8423038172373,0.9998626517794659,0.637067035,mu_N,,,,0.0,"[0.34455877 0.75049225 0.80832745 0.8757308  0.29345477 0.97397074
 0.94439451 0.47828941 0.87071763 0.18518714 0.2778909  0.71488908]",
7,,0.3512018478481983,319.5097326381531,0.3512018478481983,0.0579604392,mu_P,,,,0.0,"[0.04657215 0.81423249 0.53757575 0.96016225 0.73236191 0.47769495
 0.52393668 0.02203951 0.75001974 0.02155733 0.8232265  0.02893674]",
8,,0.08913702699493932,7645.427061691507,0.08913702699493932,8.850169040000001e-07,mu_PE,,,,0.0,"[0.52556527 0.45208305 0.51613703 0.99615744 0.2393789  0.34793838
 0.41013889 0.78019733 0.25182411 0.76141274 0.26112362 0.73373022]",
9,,0.6598521993684608,8296.16639846049,0.6598521993684608,0.128576856,mu_PL,,,,0.0,"[0.86583023 0.10739374 0.25152874 0.81385766 0.2402234  0.5010062
 0.34352635 0.77602053 0.07757407 0.13692419 0.54758409 0.54313692]",
10,,0.7132910307111073,,0.7132910307111073,0.618077092,rho_E,,,,0.0,,
11,,0.07221739593883891,,0.07221739593883891,0.548094407,rho_P,,,,0.0,,
12,,0.8950461402539497,,,,,,,,1.0,,
13,,0.4814168039485877,,,,,,,,1.0,,
14,,0.37739920585882897,,,,,,,,1.0,,
15,,0.32452176870963606,,,,,,,,1.0,,
16,,0.14649058184215,,,,,,,,1.0,,
17,,0.0,,,,,,,,1.0,,
18,,0.6384094292100726,,,,,,,,1.0,,
19,,0.6054025900864386,,,,,,,,1.0,,
20,,0.4671794690002962,,,,,,,,1.0,,
21,,0.7204675055099062,,,,,,,,1.0,,
22,,1.0,,,,,,,,1.0,,
23,,0.7082716596583764,,,,,,,,1.0,,
24,,0.9915652148721387,,,,,,,,,,
25,,0.4812959163687245,,,,,,,,,,
26,,0.9922359667204147,,,,,,,,,,
27,,0.783520193498833,,,,,,,,,,
28,,0.30051333259143737,,,,,,,,,,
29,,0.0,,,,,,,,,,
30,,0.7028651003642501,,,,,,,,,,
31,,0.08945666857942468,,,,,,,,,,
32,,0.017353259173560318,,,,,,,,,,
33,,0.2576597546043637,,,,,,,,,,
34,,0.4000521771109303,,,,,,,,,,
35,,0.27376340439445235,,,,,,,,,,
36,,0.9408655760445013,,,,,,,,,,
37,,0.48130114967772936,,,,,,,,,,
38,,0.9895959139315079,,,,,,,,,,
39,,0.6950146469329038,,,,,,,,,,
40,,0.022484298208372982,,,,,,,,,,
41,,0.0,,,,,,,,,,
42,,0.6596746141191363,,,,,,,,,,
43,,0.0003713391517668735,,,,,,,,,,
44,,0.0004137989144615511,,,,,,,,,,
45,,0.4871139478753981,,,,,,,,,,
46,,0.4364802029593354,,,,,,,,,,
47,,0.31231326767235573,,,,,,,,,,
48,,0.06552059453973713,,,,,,,,,,
49,,0.6982421489047772,,,,,,,,,,
50,,0.11319505492391323,,,,,,,,,,
51,,0.0,,,,,,,,,,
52,,0.7668311420074837,,,,,,,,,,
53,,0.2999895316895254,,,,,,,,,,
54,,0.6384118222218826,,,,,,,,,,
55,,0.8299356780518313,,,,,,,,,,
56,,0.6335871726888225,,,,,,,,,,
57,,0.24180040697583036,,,,,,,,,,
58,,1.0,,,,,,,,,,
59,,0.17220043706168187,,,,,,,,,,
60,,0.6836379145324999,,,,,,,,,,
61,,0.04928750726472524,,,,,,,,,,
62,,0.6092848516043926,,,,,,,,,,
63,,0.49091143538136217,,,,,,,,,,
64,,0.33021744772810807,,,,,,,,,,
65,,0.20549579395286882,,,,,,,,,,
66,,0.839655589960698,,,,,,,,,,
67,,0.5330790367816003,,,,,,,,,,
68,,0.7076906680140229,,,,,,,,,,
69,,0.12480470954018948,,,,,,,,,,
70,,0.9343491906870481,,,,,,,,,,
71,,0.5772234848534417,,,,,,,,,,
72,,0.5872053586755406,,,,,,,,,,
73,,0.7525083625841685,,,,,,,,,,
74,,0.8283297046799847,,,,,,,,,,
75,,0.2955592322354673,,,,,,,,,,
76,,0.29344794094953414,,,,,,,,,,
77,,0.9723687662804186,,,,,,,,,,
78,,0.9225477184940906,,,,,,,,,,
79,,0.47828733053788425,,,,,,,,,,
80,,0.8088026712010481,,,,,,,,,,
81,,0.18518714396814412,,,,,,,,,,
82,,0.27789091099858354,,,,,,,,,,
83,,0.7149250481397121,,,,,,,,,,
84,,0.04664615944753131,,,,,,,,,,
85,,0.8142328528565734,,,,,,,,,,
86,,0.9999999997529154,,,,,,,,,,
87,,0.9999999978929194,,,,,,,,,,
88,,0.732361514748911,,,,,,,,,,
89,,0.4776949544475812,,,,,,,,,,
90,,0.9999999999016737,,,,,,,,,,
91,,0.014846063139282302,,,,,,,,,,
92,,3.982458317126026e-10,,,,,,,,,,
93,,0.021557329463974803,,,,,,,,,,
94,,4.4545333898808373e-10,,,,,,,,,,
95,,0.030150348722099585,,,,,,,,,,
96,,0.5255652698467829,,,,,,,,,,
97,,0.45208304831266777,,,,,,,,,,
98,,0.5161370297158243,,,,,,,,,,
99,,0.9961574432085553,,,,,,,,,,
100,,0.23937889694670156,,,,,,,,,,
101,,0.34793837993152765,,,,,,,,,,
102,,0.4101388921859862,,,,,,,,,,
103,,0.7801973348075267,,,,,,,,,,
104,,0.2518241105649508,,,,,,,,,,
105,,0.7614127442075294,,,,,,,,,,
106,,0.26112362485034646,,,,,,,,,,
107,,0.7337302161862977,,,,,,,,,,
108,,0.8658302290967993,,,,,,,,,,
109,,0.10739374372770161,,,,,,,,,,
110,,0.25152873848316437,,,,,,,,,,
111,,0.8138576552082472,,,,,,,,,,
112,,0.2402233955321451,,,,,,,,,,
113,,0.5010061987512617,,,,,,,,,,
114,,0.3435263542632002,,,,,,,,,,
115,,0.7760205294245838,,,,,,,,,,
116,,0.07757407023315943,,,,,,,,,,
117,,0.13692419226686814,,,,,,,,,,
118,,0.5475840881903,,,,,,,,,,
119,,0.5431369243884218,,,,,,,,,,
