,startpoints,n_starts,n_par,options
0,-1.928162833340909,10.0,12.0,
1,-0.4279834284572237,,,
2,-4.3574862393995515,,,
3,-0.025134931620906187,,,
4,-4.37005461178981,,,
5,-1.1788018681668238,,,
6,1.6845154279208705,,,
7,-1.5068931708692683,,,
8,-0.5611632651141303,,,
9,1.1127458237140857,,,
10,-0.904098576778134,,,
11,-4.7747123028749945,,,
12,-1.1959783361022698,,,
13,-4.084801955157531,,,
14,-4.931442583960732,,,
15,-3.5115729433920055,,,
16,-2.5558508921579084,,,
17,-2.288378300307863,,,
18,-0.662799385330854,,,
19,1.9031670064901993,,,
20,-2.079402908242773,,,
21,0.9116310423529548,,,
22,-2.0214488959327697,,,
23,-3.911545878865991,,,
24,0.5671453835174267,,,
25,-2.5930215557467484,,,
26,-3.2920290578576847,,,
27,1.0852168301552458,,,
28,-1.9433232090999564,,,
29,-2.508351012863052,,,
30,-2.501323149144929,,,
31,1.4043367966062155,,,
32,-1.2245573615504655,,,
33,1.4707936984058048,,,
34,-4.929368556333202,,,
35,-2.7458629584807985,,,
36,0.5216788787353899,,,
37,-4.776860449955018,,,
38,-4.6797868909796065,,,
39,1.2627724393867492,,,
40,-2.354204574537124,,,
41,-4.193269980159115,,,
42,-4.502051406187116,,,
43,0.7813817198919404,,,
44,-1.536330822388214,,,
45,-4.046742673884521,,,
46,-1.0780782008434455,,,
47,-2.510855867219141,,,
48,-3.4068577589269227,,,
49,-0.17940461298901322,,,
50,0.2572873250447216,,,
51,-2.02873342905846,,,
52,0.048969956230112466,,,
53,-3.2722918110065597,,,
54,-0.4355624213167246,,,
55,-4.263275598995269,,,
56,-3.6126273849649406,,,
57,-0.4564897931850185,,,
58,-3.571569813424283,,,
59,-1.712088821784731,,,
60,-0.31741986885981355,,,
61,-0.9419807355259566,,,
62,1.3851954851607484,,,
63,-4.71947719447502,,,
64,-3.3300750382540976,,,
65,0.7238631578585961,,,
66,-4.143373504078326,,,
67,-0.9071731960238596,,,
68,-1.6240546693758038,,,
69,-3.064430538471144,,,
70,-4.864594443467077,,,
71,-0.999374975309899,,,
72,-2.1236244924364445,,,
73,-0.7518483247806635,,,
74,1.8422895071587257,,,
75,-0.28527811323893104,,,
76,0.2617996985369748,,,
77,1.3280225479399048,,,
78,-4.186693137950112,,,
79,-1.260240070231264,,,
80,-4.439145708668733,,,
81,0.7734431814122358,,,
82,-1.7557005645103905,,,
83,0.17336537273294983,,,
84,-3.839282107916487,,,
85,1.8813855766339138,,,
86,-4.906820845714875,,,
87,-1.5677965652800574,,,
88,-1.1344874419365198,,,
89,-0.44899434105712466,,,
90,-3.4002075484402456,,,
91,-4.083475017043521,,,
92,-2.6127581168646903,,,
93,-1.9379366090955967,,,
94,-2.454835262177176,,,
95,-0.7448878070108087,,,
96,-4.383411891054412,,,
97,-3.700859631688409,,,
98,-2.4164332960228134,,,
99,-1.2176740079108717,,,
100,-1.6155087746479384,,,
101,-3.749164720287688,,,
102,1.0638643265994867,,,
103,0.5643114543662735,,,
104,-2.740573670415171,,,
105,0.2626540678316269,,,
106,-2.4451546145076337,,,
107,1.373159403584241,,,
108,-4.411586740612326,,,
109,1.1725417468075756,,,
110,1.5715414878233496,,,
111,-2.718544809133896,,,
112,0.7293449432621548,,,
113,0.16660200380290657,,,
114,-4.843057160198889,,,
115,-3.971909168386312,,,
116,-4.879987291830817,,,
117,0.3449476338479416,,,
118,-2.1914624184648783,,,
119,-0.23394358842546836,,,
