,startpoints,n_starts,n_par,options
0,0.053964703615637655,10.0,12.0,
1,0.2848006045636502,,,
2,1.8732713485240273,,,
3,0.8251436923341049,,,
4,1.9541793179670697,,,
5,0.938212099624941,,,
6,0.4046302619977893,,,
7,0.2234856983718454,,,
8,1.5670412680941843,,,
9,0.9995826944481305,,,
10,0.3067988577991114,,,
11,1.9858094876802297,,,
12,0.4577057971043095,,,
13,0.9978360327442946,,,
14,1.8926707748550928,,,
15,0.8686145527526621,,,
16,0.9094150984271252,,,
17,1.3684680424725781,,,
18,1.7870571589826687,,,
19,0.013085964364569547,,,
20,1.890229298196563,,,
21,1.2522440187163146,,,
22,1.80243330310399,,,
23,0.5985544781129049,,,
24,1.9081429425836478,,,
25,1.518969262941608,,,
26,0.029854768689550504,,,
27,1.163502965048848,,,
28,1.8638664408681769,,,
29,0.5468795993301838,,,
30,1.5284632711899322,,,
31,1.9317274398984463,,,
32,1.4316704219464558,,,
33,1.4461328068289727,,,
34,1.247890968341778,,,
35,0.40348307389190463,,,
36,0.14175421419874357,,,
37,0.06880662189985132,,,
38,0.24985442346857067,,,
39,0.5879374180618961,,,
40,1.6694536152422856,,,
41,0.8585866812915357,,,
42,1.1949222311770842,,,
43,1.6779455626374644,,,
44,0.9000261226258752,,,
45,0.5465040811526616,,,
46,1.0720450786575397,,,
47,1.5249504907737457,,,
48,1.4169802418911424,,,
49,0.3178152147959725,,,
50,0.22069858180346769,,,
51,1.6377111666841004,,,
52,0.6772534837741537,,,
53,1.4716777363935236,,,
54,1.8958513187075505,,,
55,1.8693505008998201,,,
56,1.974680802858036,,,
57,0.8279888629649397,,,
58,0.6230387796401156,,,
59,0.2859936650825221,,,
60,0.044004286485240574,,,
61,0.49161800715436077,,,
62,0.29203630966514704,,,
63,0.7437071248493292,,,
64,0.4328140331581274,,,
65,0.6604795255991487,,,
66,1.372192877071507,,,
67,0.6362820734451651,,,
68,1.9696908846832797,,,
69,0.5329452312283396,,,
70,1.621453995608514,,,
71,1.1337454431017666,,,
72,1.2884886770719812,,,
73,0.08934535096352691,,,
74,0.812230988895789,,,
75,1.6902067483839434,,,
76,1.4073224474715758,,,
77,0.4463730560979353,,,
78,0.20563675364489775,,,
79,0.3366762103697323,,,
80,1.8893493462693134,,,
81,0.5706297767140138,,,
82,0.7173843558646185,,,
83,0.5530117986529675,,,
84,0.6470246224044103,,,
85,1.2727422163743485,,,
86,0.4238524767156635,,,
87,1.767627509956452,,,
88,0.34269671938912394,,,
89,0.46259474897878805,,,
90,1.6932505133962517,,,
91,1.1029786556194634,,,
92,0.800305184181969,,,
93,1.7774111158754866,,,
94,1.3723484317097643,,,
95,1.6447025776460933,,,
96,0.43214425605420836,,,
97,0.44488502121684603,,,
98,1.336164302339629,,,
99,0.011596671946042525,,,
100,0.35694364923509325,,,
101,0.3831634595792148,,,
102,0.9860447075041017,,,
103,0.7497931628364722,,,
104,0.9244893096421145,,,
105,0.005890231259111367,,,
106,1.39396214972675,,,
107,1.5509663849521733,,,
108,0.6561252174753016,,,
109,1.0660789090116616,,,
110,0.5492653883385608,,,
111,0.3217533828584238,,,
112,0.1612275374038168,,,
113,1.7079884850045428,,,
114,0.036747752987012605,,,
115,1.0066384242622481,,,
116,1.196147692949117,,,
117,1.1119435712754056,,,
118,0.8096532068696565,,,
119,0.9478600289526105,,,
