,startpoints,n_starts,n_par,options
0,0.3230324543366353,10.0,12.0,
1,0.7438248567846726,,,
2,0.4372997090690818,,,
3,0.08749668846208547,,,
4,0.02965456505332198,,,
5,0.8504994258178863,,,
6,0.6680404722742427,,,
7,0.44376049741635515,,,
8,0.6302292807105747,,,
9,0.7145389408339932,,,
10,0.439387328943353,,,
11,0.2817608293919559,,,
12,0.5732181097041819,,,
13,0.48867592031515095,,,
14,0.4465815114501225,,,
15,0.426719686900386,,,
16,0.6735285479831055,,,
17,0.9395692053954541,,,
18,0.7790237681656952,,,
19,0.45612597812149946,,,
20,0.9713359747478388,,,
21,0.7154016045325292,,,
22,0.8351496156433933,,,
23,0.37700329115693465,,,
24,0.058993694854926115,,,
25,0.2373733073295945,,,
26,0.8548704469759726,,,
27,0.04631282620903321,,,
28,0.6380378129522891,,,
29,0.9620957964709329,,,
30,0.25607334582499997,,,
31,0.8616999502538412,,,
32,0.76030811269393,,,
33,0.10857529056221471,,,
34,0.7257786241891317,,,
35,0.4491176611859852,,,
36,0.010875297222594726,,,
37,0.5574470633173533,,,
38,0.8959155043657505,,,
39,0.6852870726297826,,,
40,0.9334651882061462,,,
41,0.36342531850903925,,,
42,0.8669086072686252,,,
43,0.7110955485692391,,,
44,0.7849305944622293,,,
45,0.9108989273470528,,,
46,0.8662847403260935,,,
47,0.8532981115927236,,,
48,0.560867068423101,,,
49,0.5319429776567036,,,
50,0.57774123678541,,,
51,0.7423057813196944,,,
52,0.33302052808226024,,,
53,0.6820972424807447,,,
54,0.856246824109226,,,
55,0.0784894400898023,,,
56,0.932535996015988,,,
57,0.46192941987007297,,,
58,0.8878794936586234,,,
59,0.8981506854345169,,,
60,0.5933157945810847,,,
61,0.28950871547387247,,,
62,0.8027469910904854,,,
63,0.2492422108680442,,,
64,0.7082674781101583,,,
65,0.1930630004214564,,,
66,0.26698891417317283,,,
67,0.655375533947533,,,
68,0.36675728517266615,,,
69,0.41720856683116014,,,
70,0.5826518354968269,,,
71,0.6068776969678165,,,
72,0.7494353574264365,,,
73,0.642058131005427,,,
74,0.9681733174556292,,,
75,0.19875861242426252,,,
76,0.232599130142908,,,
77,0.4599501527715123,,,
78,0.22064271071614772,,,
79,0.11869867759920116,,,
80,0.16297220821003133,,,
81,0.8180396396377112,,,
82,0.25136405530676476,,,
83,0.5305140793971939,,,
84,0.6459598400279964,,,
85,0.2557364150697967,,,
86,0.21309081237597038,,,
87,0.26534198583211976,,,
88,0.14013537429940492,,,
89,0.13130778960434575,,,
90,0.20856463371809653,,,
91,0.4800437154570001,,,
92,0.562288140248155,,,
93,0.09002202860491226,,,
94,0.49472220308197756,,,
95,0.4358602753115426,,,
96,0.2244627866850728,,,
97,0.2539677781919514,,,
98,0.651218595279947,,,
99,0.8388156829965911,,,
100,0.9779704723355593,,,
101,0.1984861285464663,,,
102,0.6476777499670414,,,
103,0.13809132122489753,,,
104,0.5234743355688485,,,
105,0.7423902674616217,,,
106,0.35859779252348345,,,
107,0.8980865054953193,,,
108,0.10562210177558573,,,
109,0.9230288589349085,,,
110,0.12844806229037586,,,
111,0.8367931517355331,,,
112,0.924027697399009,,,
113,0.14733939764484427,,,
114,0.3937965283307018,,,
115,0.2347802188066268,,,
116,0.09388088377682302,,,
117,0.1953459978461295,,,
118,0.4265277497597294,,,
119,0.8349824040263483,,,
