,startpoints,n_starts,n_par,options
0,0.28769001447623166,10.0,12.0,
1,0.6770509249217717,,,
2,0.06382149908990886,,,
3,0.6359400480769102,,,
4,0.12525306638780143,,,
5,0.44509233254419844,,,
6,0.6886024747211622,,,
7,0.9949500505950815,,,
8,0.8914104108734663,,,
9,0.20114949658939751,,,
10,0.06927662492708175,,,
11,0.5671489950816375,,,
12,0.8115036447683218,,,
13,0.8168773460657189,,,
14,0.1266710958767865,,,
15,0.3936798855964506,,,
16,0.418962274373996,,,
17,0.9288957254768405,,,
18,0.9623433889259512,,,
19,0.9785669147962776,,,
20,0.5380973675182439,,,
21,0.7861401081103235,,,
22,0.666759279795784,,,
23,0.37044083275183104,,,
24,0.48209496421276976,,,
25,0.781812042540012,,,
26,0.6345512862580849,,,
27,0.30875118909536914,,,
28,0.07822688852030724,,,
29,0.16026608933442754,,,
30,0.9108095548552646,,,
31,0.7452849233780386,,,
32,0.9706510052210522,,,
33,0.36923379098939857,,,
34,0.14797938446403192,,,
35,0.1731019960846223,,,
36,0.8351720209165763,,,
37,0.5674144323300037,,,
38,0.9092339872615742,,,
39,0.7584519372931973,,,
40,0.7952009150328666,,,
41,0.013132242877823663,,,
42,0.6831513157097596,,,
43,0.06647255414020425,,,
44,0.7558294705492493,,,
45,0.3588459915610055,,,
46,0.21151137906191264,,,
47,0.9880658741912938,,,
48,0.15894780734474878,,,
49,0.48590015959578636,,,
50,0.7082601208493973,,,
51,0.28757234804264886,,,
52,0.48452905882661845,,,
53,0.2369111705385306,,,
54,0.6482204763544827,,,
55,0.8517584517156181,,,
56,0.6340218763650979,,,
57,0.10254701067961214,,,
58,0.06903607332440354,,,
59,0.4303750777373684,,,
60,0.8102436418493456,,,
61,0.2601782271063635,,,
62,0.03470315915359279,,,
63,0.9522555206638875,,,
64,0.5405664097432982,,,
65,0.9353158256863252,,,
66,0.6211542406399595,,,
67,0.7067383096538784,,,
68,0.13354289082821413,,,
69,0.0880234990492097,,,
70,0.24691895073530323,,,
71,0.5940010833348509,,,
72,0.6947384055298335,,,
73,0.7051867968736008,,,
74,0.2020632204768199,,,
75,0.6759531098126167,,,
76,0.8110758606853399,,,
77,0.4450129406450525,,,
78,0.17840992821932988,,,
79,0.5927148103740372,,,
80,0.9344312412871931,,,
81,0.10399411653762247,,,
82,0.778882321353887,,,
83,0.9008071406557959,,,
84,0.36425277870515627,,,
85,0.7977362336750206,,,
86,0.4586551283452224,,,
87,0.8535982413115261,,,
88,0.09010881927723124,,,
89,0.7798913366876526,,,
90,0.9778693917248181,,,
91,0.7686261594573011,,,
92,0.47848810268387376,,,
93,0.9436928707556833,,,
94,0.8813085541363761,,,
95,0.9548824337358989,,,
96,0.368778445235756,,,
97,0.968254038821655,,,
98,0.048974857276063544,,,
99,0.3080813245236286,,,
100,0.6030394015143634,,,
101,0.06582106376086694,,,
102,0.21726191957626806,,,
103,0.31144641659168526,,,
104,0.015543562498444907,,,
105,0.09375002363252305,,,
106,0.18418374429099438,,,
107,0.938611583764575,,,
108,0.9054889441151813,,,
109,0.39875014052511737,,,
110,0.3493447427821986,,,
111,0.16567210565547685,,,
112,0.7523577514557516,,,
113,0.3659389280166202,,,
114,0.388758389702784,,,
115,0.6888093621938924,,,
116,0.05518861805816255,,,
117,0.24066737320188514,,,
118,0.14413639721342064,,,
119,0.9495343223310886,,,
