,startpoints,n_starts,n_par,options
0,0.2135684082268522,10.0,12.0,
1,0.3177339284416104,,,
2,0.5242244288719278,,,
3,0.3802698965102643,,,
4,0.5437480000419072,,,
5,0.6233860674452789,,,
6,0.4036634143405069,,,
7,0.3422609879460352,,,
8,0.767101063229553,,,
9,0.6617088496978676,,,
10,0.5940721944706451,,,
11,0.07223536961530597,,,
12,0.8947567150824074,,,
13,0.1740449139012209,,,
14,0.8615744653147861,,,
15,0.364065714067624,,,
16,0.14720188791425814,,,
17,0.0020951474250398006,,,
18,0.7144232144854376,,,
19,0.6056478853837666,,,
20,0.9032862355329988,,,
21,0.7938433795383987,,,
22,0.9063762323983847,,,
23,0.7084060108743595,,,
24,0.6448168741628899,,,
25,0.5257028800249789,,,
26,0.9937015622623513,,,
27,0.5675134228407598,,,
28,0.9722801813126731,,,
29,0.11713784073995548,,,
30,0.03879084038037828,,,
31,0.08946348297144013,,,
32,0.8757935156202158,,,
33,0.2576573889221295,,,
34,0.40099367978278,,,
35,0.2736142077950766,,,
36,0.425204346046101,,,
37,0.5314775735135807,,,
38,0.3945895304184235,,,
39,0.9432358009233223,,,
40,0.022485252332184458,,,
41,0.11547346079696885,,,
42,0.0110369826799388,,,
43,0.6756783490129827,,,
44,0.7417383222956734,,,
45,0.49770741523410067,,,
46,0.4471909563094666,,,
47,0.2721465040453861,,,
48,0.15174949871275,,,
49,0.6977872767515602,,,
50,0.652706986898476,,,
51,0.34211222308625044,,,
52,0.7673006349941663,,,
53,0.29998953168952736,,,
54,0.6483792150861908,,,
55,0.8373244787623264,,,
56,0.9199259751563102,,,
57,0.2418004069736832,,,
58,0.91972066564961,,,
59,0.17220045659656125,,,
60,0.779438576283751,,,
61,0.044866331781107216,,,
62,0.607979116217069,,,
63,0.4936345172502966,,,
64,0.33021773584655023,,,
65,0.9205508594500199,,,
66,0.8400734909631866,,,
67,0.5330857566325461,,,
68,0.7158534290549127,,,
69,0.12480471136593108,,,
70,0.9284540580117876,,,
71,0.5772122027282437,,,
72,0.344558766678813,,,
73,0.7504922513678867,,,
74,0.8083274452358514,,,
75,0.8757307976927751,,,
76,0.2934547724745149,,,
77,0.9739707399387024,,,
78,0.9443945088524729,,,
79,0.4782894111521827,,,
80,0.870717632581707,,,
81,0.1851871439686953,,,
82,0.27789089697609604,,,
83,0.71488907970876,,,
84,0.04657214785212871,,,
85,0.8142324851117121,,,
86,0.5375757499070275,,,
87,0.9601622492459098,,,
88,0.732361907031191,,,
89,0.4776949544475819,,,
90,0.5239366799637328,,,
91,0.022039506330581826,,,
92,0.7500197443110358,,,
93,0.0215573302320774,,,
94,0.8232264962735076,,,
95,0.028936735353742193,,,
96,0.5255652698467829,,,
97,0.45208304831266777,,,
98,0.5161370297158243,,,
99,0.9961574432085553,,,
100,0.23937889694670156,,,
101,0.34793837993152765,,,
102,0.4101388921859862,,,
103,0.7801973348075267,,,
104,0.2518241105649508,,,
105,0.7614127442075294,,,
106,0.26112362485034646,,,
107,0.7337302161862977,,,
108,0.8658302290967993,,,
109,0.10739374372770161,,,
110,0.25152873848316437,,,
111,0.8138576552082472,,,
112,0.2402233955321451,,,
113,0.5010061987512617,,,
114,0.3435263542632002,,,
115,0.7760205294245838,,,
116,0.07757407023315943,,,
117,0.13692419226686814,,,
118,0.5475840881903,,,
119,0.5431369243884218,,,
