,startpoints,n_starts,n_par,options
0,0.16249943025003077,10.0,12.0,
1,0.9072400821441149,,,
2,0.8847119716564043,,,
3,0.5477284534421725,,,
4,0.13180129931621698,,,
5,0.829591751524476,,,
6,0.5563657751942725,,,
7,0.8770623611798821,,,
8,0.883035555286036,,,
9,0.26841859899973497,,,
10,0.8577774269904891,,,
11,0.2439033921073419,,,
12,0.809640298092931,,,
13,0.19980894537010807,,,
14,0.6533606428222524,,,
15,0.6113854988693207,,,
16,0.4349176808345049,,,
17,0.19492170481162618,,,
18,0.08099758462382023,,,
19,0.9810733727125565,,,
20,0.8238358044653432,,,
21,0.3290389822734382,,,
22,0.3255451969565599,,,
23,0.25588467003713566,,,
24,0.059027180490822895,,,
25,0.5429089854899328,,,
26,0.21801174423001957,,,
27,0.8132943541637089,,,
28,0.790489385721533,,,
29,0.36066908456206803,,,
30,0.365701272632572,,,
31,0.03784628960299374,,,
32,0.3321546064794656,,,
33,0.32187497651048547,,,
34,0.6790879965188998,,,
35,0.23382716422493566,,,
36,0.04785943616313659,,,
37,0.3091652794872046,,,
38,0.4534170122255401,,,
39,0.8552852887998599,,,
40,0.9822676856164712,,,
41,0.3144368983719322,,,
42,0.02979981183850744,,,
43,0.43114312181892367,,,
44,0.6555478214332752,,,
45,0.6562870061050541,,,
46,0.4279922164917591,,,
47,0.04520439174228741,,,
48,0.0004812273765840702,,,
49,0.850696153268008,,,
50,0.8386770253130191,,,
51,0.06690194994716037,,,
52,0.4979383097283091,,,
53,0.3934962878492615,,,
54,0.9276404281939588,,,
55,0.2974289526018513,,,
56,0.3094419515387018,,,
57,0.6178877021779348,,,
58,0.08502508862615132,,,
59,0.3190105899211959,,,
60,0.7092736354234698,,,
61,0.7416187702774893,,,
62,0.8267570219228482,,,
63,0.9253933742886845,,,
64,0.465063532109361,,,
65,0.9058128754339857,,,
66,0.002302829932165684,,,
67,0.47681288316245996,,,
68,0.731886911258694,,,
69,0.4413220463618476,,,
70,0.8626702941218026,,,
71,0.983208410969785,,,
72,0.1071580217877881,,,
73,0.18119039882981391,,,
74,0.31429387645736717,,,
75,0.3025022721671702,,,
76,0.9096926365621089,,,
77,0.36541278845577296,,,
78,0.7007717028563997,,,
79,0.3532110420891592,,,
80,0.4453576696693664,,,
81,0.40345442854169633,,,
82,0.4117043964271281,,,
83,0.7350746457548912,,,
84,0.16274750997669107,,,
85,0.517744271598195,,,
86,0.5214817598334236,,,
87,0.2742293803677751,,,
88,0.7539325319438491,,,
89,0.11432689064037316,,,
90,0.1903277426219434,,,
91,0.2538987549798096,,,
92,0.04352409759149778,,,
93,0.08684637913914206,,,
94,0.827201608083887,,,
95,0.6336845927897722,,,
96,0.5001886861032434,,,
97,0.695770946990325,,,
98,0.5186122939024099,,,
99,0.6396648358341058,,,
100,0.7641377731806194,,,
101,0.007197327652083585,,,
102,0.4146558597810609,,,
103,0.008363394464705576,,,
104,0.7285872615725625,,,
105,0.07503057160207627,,,
106,0.517503996041239,,,
107,0.7107141876150214,,,
108,0.6158201453350596,,,
109,0.3196607160452398,,,
110,0.38471538368479463,,,
111,0.6756405190915982,,,
112,0.28028497181879986,,,
113,0.6406215253417202,,,
114,0.8060647660336352,,,
115,0.07107816025268876,,,
116,0.6010322168914843,,,
117,0.32069806167047,,,
118,0.39565180811386913,,,
119,0.8774221126826446,,,
