,n_start,xs,fval,best_par,nominal_par,par_names,opt_lh,conv_points,comp_time,opt_interval,startpoints,options
0,10.0,-2.9732914943804927,298.2327078548245,-2.9732914943804927,-0.28487785,delta_EL,190.96797945475737,1.0,18.1248197555542,-3.0,"[-2.97333777  0.39677072  0.2529912   0.01823425 -0.82563286 -1.26037041
  0.6237753  -2.96723349 -2.30362423 -1.53463961 -1.29841989 -1.50087252
  0.08421222 -0.84198276  0.0685433  -2.72855867 -0.41242898  0.76443243
  0.82141381 -2.00524076 -0.96617905 -0.42762254]","MODEL: Crauste model comprehensive, 
SCALE: log(x + 0.001)
STARTS: 10
CONV POINTS: 1
TIME: 18.1248197555542"
1,,0.00012530053935239094,300.4252164262566,0.00012530053935239094,-1.62744447,delta_LM,,,,-3.0,"[-1.52888409 -0.60075674 -0.41326277 -2.37983843  0.29008798  0.38808611
 -2.76617305 -0.18603314 -0.62009861 -0.65668353 -0.53570941 -2.3752684
 -1.11331072 -2.19247255 -2.94311265 -1.97151775  0.73504209 -2.30586903
 -2.29085581  0.67694731 -2.35838779 -1.71106933]",
2,,-0.03565524449116826,303.4428596861854,-0.03565524449116826,-1.88837508,delta_NE,,,,-3.0,"[-1.17494968 -0.41580397 -2.68654303  0.28772742 -0.52956063 -1.32586017
 -2.97551943 -2.58668784  0.37453806 -2.79766426 -0.6729342  -2.53114422
  0.84622339 -0.97257715 -1.01124174 -1.55702082 -2.16707139 -1.95585629
  0.65282746 -1.71522772 -2.7857506  -2.92885052]",
3,,0.025799001979251626,317.020275335737,0.025799001979251626,-2.98332764,mu_EE,,,,-3.0,"[-0.88764177 -1.3227942  -0.94337754 -2.40824258 -1.86840389 -1.5751045
  0.65318892 -0.71550588 -1.36890225  0.2178593  -0.80284043  0.99231828
 -1.2252357  -0.53120109  0.25550206  0.73349533 -1.47061509 -2.77736949
 -0.78842748 -1.92568546 -1.89525858  0.30929958]",
4,,-0.9709140347877927,317.5569846014101,-0.9709140347877927,-2.99999996,mu_LE,,,,-3.0,"[-2.23329463 -1.4475185  -2.86521815 -2.86208661 -2.21274788  0.23848157
 -0.11049281 -0.8697326   0.16879951 -1.44565788 -2.30003399  0.33062201
 -1.85139275 -2.09617046 -1.88953695 -2.18406711 -0.56980916  0.89204084
 -1.47731211 -2.08172985 -1.6115878  -2.03835313]",
5,,-2.9677486890964198,2451.027577793887,-2.9677486890964198,-2.99648984,mu_LL,,,,-3.0,"[-2.59702696 -1.09164713 -1.30387662 -2.92720674 -0.67525926  0.661391
 -2.98819952 -1.20773707 -2.38982429 -2.77458524 -2.03956953 -2.24624907
 -0.84381689 -2.97831453  0.35582619 -0.12582196 -0.81741598 -0.3954665
 -1.28622085  0.9906602  -1.10605469  0.32554348]",
6,,-0.07976363240242001,6267.473799276486,-0.07976363240242001,-0.13023612,mu_N,,,,-3.0,"[ 0.62741958 -2.87855928 -1.63858071  0.94803321 -2.41643768  0.27335756
 -1.78309179  0.10949812 -1.91273042 -0.50462628 -1.58531873 -0.49984752
 -2.53374102 -0.24584847 -2.99380373 -1.88203263 -0.74943975 -1.1215722
  0.12395363 -1.48353562  0.696467   -1.8233724 ]",
7,,-2.9673747724211226,7198.654976222244,-2.9673747724211226,-2.99567863,mu_P,,,,-3.0,"[ 0.17770609  0.23592983 -1.29697769  0.06177889  0.27030658 -1.10648482
 -2.39874165  0.56904169 -1.40602592 -0.55430535 -0.78270871 -1.36092471
 -2.22334087  0.20054502 -1.92385648 -0.11586433  0.93608065 -0.13736054
 -1.40566662 -0.98122169 -2.85271202 -0.71897259]",
8,,-2.3424254309680452,7299.624608318819,-2.3424254309680452,-2.99999994,mu_PE,,,,-3.0,"[-0.26529721 -1.12705547 -0.76602665 -0.0472693   0.60819019 -1.8212856
 -2.04268395 -2.66340473  0.99527702  0.54935007  0.321543   -1.51878567
  0.38763556 -0.83169074 -0.58422948 -2.9083982  -0.20970447 -1.8962731
 -1.59314961 -1.76913945 -2.89298294 -2.814408  ]",
9,,-1.7416059807650468,inf,-1.7416059807650468,-2.98449761,mu_PL,,,,-3.0,"[-2.03699523 -2.57177905 -0.71926478 -1.95953123  0.22470188  0.63726523
 -2.20980096 -0.4501388  -2.91403094 -1.85594313 -0.66494929 -0.09127043
  0.35869284 -1.9557446   0.48850512 -0.37692128  0.03227704 -0.07109494
 -0.11815954 -0.34422143 -2.17417303 -0.92653869]",
10,,-1.2984310141876143,,-1.2984310141876143,-0.29378104,rho_E,,,,-3.0,,
11,,-1.4975113426392894,,-1.4975113426392894,-0.89489095,rho_P,,,,-3.0,,
12,,0.947026862198162,,0.947026862198162,-3.0,delta_NM,,,,-3.0,,
13,,-0.8804279124936865,,-0.8804279124936865,-3.0,delta_NL,,,,-3.0,,
14,,0.1524588715671732,,0.1524588715671732,-3.0,delta_EM,,,,-3.0,,
15,,-2.7593954333564885,,-2.7593954333564885,-3.0,delta_ME,,,,-3.0,,
16,,-1.0813419408136609,,-1.0813419408136609,-3.0,delta_LE,,,,-3.0,,
17,,0.37919652477944077,,0.37919652477944077,-3.0,delta_ML,,,,-3.0,,
18,,0.8230927897224628,,0.8230927897224628,-3.0,mu_E,,,,-3.0,,
19,,-2.14377361820562,,-2.14377361820562,-3.0,mu_M,,,,-3.0,,
20,,-1.2109925589252055,,-1.2109925589252055,-3.0,mu_L,,,,-3.0,,
21,,-0.3698423871875425,,-0.3698423871875425,-3.0,mu_EL,,,,-3.0,,
22,,-3.0,,,,,,,,1.0,,
23,,-0.6245565690939362,,,,,,,,1.0,,
24,,-3.0,,,,,,,,1.0,,
25,,-2.982934400233564,,,,,,,,1.0,,
26,,0.4432661437782588,,,,,,,,1.0,,
27,,0.43205678604968084,,,,,,,,1.0,,
28,,-0.3779720864079138,,,,,,,,1.0,,
29,,-3.0,,,,,,,,1.0,,
30,,-2.987327670963673,,,,,,,,1.0,,
31,,-0.9184985728062435,,,,,,,,1.0,,
32,,0.14114007675507861,,,,,,,,1.0,,
33,,-2.1828066400770516,,,,,,,,1.0,,
34,,1.0,,,,,,,,1.0,,
35,,-1.1381847812142118,,,,,,,,1.0,,
36,,-2.9751421050861424,,,,,,,,1.0,,
37,,-3.0,,,,,,,,1.0,,
38,,0.38090828127377596,,,,,,,,1.0,,
39,,-2.2869031305226097,,,,,,,,1.0,,
40,,-2.929188051160111,,,,,,,,1.0,,
41,,-0.3782346257627881,,,,,,,,1.0,,
42,,-2.358884470274734,,,,,,,,1.0,,
43,,-1.7017100164544472,,,,,,,,1.0,,
44,,0.9999121052469732,,,,,,,,,,
45,,-3.0,,,,,,,,,,
46,,-2.9717438813660726,,,,,,,,,,
47,,0.9999997915143536,,,,,,,,,,
48,,1.0,,,,,,,,,,
49,,-3.0,,,,,,,,,,
50,,0.6667650450987311,,,,,,,,,,
51,,-2.9400773823744144,,,,,,,,,,
52,,-2.9999999953326757,,,,,,,,,,
53,,-2.965834823844983,,,,,,,,,,
54,,-2.99999999140656,,,,,,,,,,
55,,-2.06128077339624,,,,,,,,,,
56,,0.9997535452115672,,,,,,,,,,
57,,0.22429559055122733,,,,,,,,,,
58,,-0.8643558364402845,,,,,,,,,,
59,,-2.892913027820058,,,,,,,,,,
60,,-3.0,,,,,,,,,,
61,,-0.359898527517626,,,,,,,,,,
62,,0.9999128266726532,,,,,,,,,,
63,,1.0,,,,,,,,,,
64,,-3.0,,,,,,,,,,
65,,-1.0410850931510687,,,,,,,,,,
66,,-0.8847144042537718,,,,,,,,,,
67,,-1.6326423762352051,,,,,,,,,,
68,,-0.9464829359888175,,,,,,,,,,
69,,-2.4082421269770204,,,,,,,,,,
70,,-1.8741516806972374,,,,,,,,,,
71,,-3.0,,,,,,,,,,
72,,0.6217757091290456,,,,,,,,,,
73,,-0.7169680606659284,,,,,,,,,,
74,,-1.3706992538743015,,,,,,,,,,
75,,-0.11331643011545989,,,,,,,,,,
76,,-0.8028427724649162,,,,,,,,,,
77,,1.0,,,,,,,,,,
78,,-1.226251483543894,,,,,,,,,,
79,,-0.22623556337986914,,,,,,,,,,
80,,0.2592482706111769,,,,,,,,,,
81,,0.7125824280815929,,,,,,,,,,
82,,-1.7146794871531135,,,,,,,,,,
83,,-2.777218584437838,,,,,,,,,,
84,,-0.7885509571381839,,,,,,,,,,
85,,-1.925741186956336,,,,,,,,,,
86,,-1.9972601964050762,,,,,,,,,,
87,,0.30592722405982564,,,,,,,,,,
88,,-2.233740993546356,,,,,,,,,,
89,,-1.447468725005281,,,,,,,,,,
90,,-2.875745715614929,,,,,,,,,,
91,,-2.8633972181091316,,,,,,,,,,
92,,-2.212946616649098,,,,,,,,,,
93,,0.2324864862625554,,,,,,,,,,
94,,-0.12606770394690556,,,,,,,,,,
95,,-0.8720844111396241,,,,,,,,,,
96,,0.13468386620444175,,,,,,,,,,
97,,-1.4504653310199966,,,,,,,,,,
98,,-2.2999880483344803,,,,,,,,,,
99,,0.380179310320484,,,,,,,,,,
100,,-1.8513939089457727,,,,,,,,,,
101,,-2.09887165257395,,,,,,,,,,
102,,-1.890281042071445,,,,,,,,,,
103,,-2.183929116931887,,,,,,,,,,
104,,-0.5606180129031415,,,,,,,,,,
105,,0.8878062742765026,,,,,,,,,,
106,,-1.485421510155381,,,,,,,,,,
107,,-2.081738260054835,,,,,,,,,,
108,,-1.611784836604294,,,,,,,,,,
109,,-2.0402354727139804,,,,,,,,,,
110,,-2.5970269606956307,,,,,,,,,,
111,,-1.091647128101667,,,,,,,,,,
112,,-1.3038766229298124,,,,,,,,,,
113,,-2.9272067422406174,,,,,,,,,,
114,,-0.6752592578315642,,,,,,,,,,
115,,0.6613910033088706,,,,,,,,,,
116,,-2.988199519934649,,,,,,,,,,
117,,-1.2077370652901944,,,,,,,,,,
118,,-2.3898242942489443,,,,,,,,,,
119,,-2.774585238954694,,,,,,,,,,
120,,-2.039569526817243,,,,,,,,,,
121,,-2.2462490740544356,,,,,,,,,,
122,,-0.84381688956194,,,,,,,,,,
123,,-2.9783145339803485,,,,,,,,,,
124,,0.3558261899609083,,,,,,,,,,
125,,-0.125821957933284,,,,,,,,,,
126,,-0.8174159847826026,,,,,,,,,,
127,,-0.39546649907207243,,,,,,,,,,
128,,-1.2862208475600934,,,,,,,,,,
129,,0.990660200146321,,,,,,,,,,
130,,-1.1060546937818936,,,,,,,,,,
131,,0.32554348171016656,,,,,,,,,,
132,,0.627419579101745,,,,,,,,,,
133,,-2.8785592836962857,,,,,,,,,,
134,,-1.6385807120247518,,,,,,,,,,
135,,0.9480332084546896,,,,,,,,,,
136,,-2.4164376758259376,,,,,,,,,,
137,,0.2733575593046207,,,,,,,,,,
138,,-1.7830917935802137,,,,,,,,,,
139,,0.10949812457352115,,,,,,,,,,
140,,-1.9127304160667937,,,,,,,,,,
141,,-0.5046262750151294,,,,,,,,,,
142,,-1.5853187275780374,,,,,,,,,,
143,,-0.4998475173998864,,,,,,,,,,
144,,-2.533741021787672,,,,,,,,,,
145,,-0.24584847266038867,,,,,,,,,,
146,,-2.9938037332997447,,,,,,,,,,
147,,-1.8820326317802207,,,,,,,,,,
148,,-0.7494397470919325,,,,,,,,,,
149,,-1.121572198594189,,,,,,,,,,
150,,0.123953626846669,,,,,,,,,,
151,,-1.4835356167768112,,,,,,,,,,
152,,0.6964670021455155,,,,,,,,,,
153,,-1.8233723991494264,,,,,,,,,,
154,,0.177706093134689,,,,,,,,,,
155,,0.23592983189903016,,,,,,,,,,
156,,-1.2969776856203201,,,,,,,,,,
157,,0.06177889152063143,,,,,,,,,,
158,,0.27030658361866466,,,,,,,,,,
159,,-1.1064848197465311,,,,,,,,,,
160,,-2.398741648003905,,,,,,,,,,
161,,0.5690416920144936,,,,,,,,,,
162,,-1.4060259230934804,,,,,,,,,,
163,,-0.5543053480534046,,,,,,,,,,
164,,-0.7827087124863819,,,,,,,,,,
165,,-1.3609247073460393,,,,,,,,,,
166,,-2.2233408661466605,,,,,,,,,,
167,,0.2005450185890778,,,,,,,,,,
168,,-1.923856478227703,,,,,,,,,,
169,,-0.11586432922782386,,,,,,,,,,
170,,0.9360806502927841,,,,,,,,,,
171,,-0.13736054490296645,,,,,,,,,,
172,,-1.4056666208109019,,,,,,,,,,
173,,-0.9812216875407751,,,,,,,,,,
174,,-2.8527120220494426,,,,,,,,,,
175,,-0.7189725867951351,,,,,,,,,,
176,,-0.26529720564721604,,,,,,,,,,
177,,-1.1270554657610021,,,,,,,,,,
178,,-0.7660266473297339,,,,,,,,,,
179,,-0.0472692977056508,,,,,,,,,,
180,,0.6081901890219887,,,,,,,,,,
181,,-1.8212856037240877,,,,,,,,,,
182,,-2.0426839457567696,,,,,,,,,,
183,,-2.6634047317737712,,,,,,,,,,
184,,0.9952770199607137,,,,,,,,,,
185,,0.5493500710854731,,,,,,,,,,
186,,0.32154300385560886,,,,,,,,,,
187,,-1.5187856674750702,,,,,,,,,,
188,,0.3876355648967307,,,,,,,,,,
189,,-0.8316907393270339,,,,,,,,,,
190,,-0.5842294789412867,,,,,,,,,,
191,,-2.908398200864813,,,,,,,,,,
192,,-0.2097044734691038,,,,,,,,,,
193,,-1.8962730961796614,,,,,,,,,,
194,,-1.5931496130914122,,,,,,,,,,
195,,-1.7691394489062384,,,,,,,,,,
196,,-2.8929829370941236,,,,,,,,,,
197,,-2.814407996165094,,,,,,,,,,
198,,0.0,,,,,,,,,,
199,,0.0,,,,,,,,,,
200,,0.0,,,,,,,,,,
201,,0.0,,,,,,,,,,
202,,0.0,,,,,,,,,,
203,,0.0,,,,,,,,,,
204,,0.0,,,,,,,,,,
205,,0.0,,,,,,,,,,
206,,0.0,,,,,,,,,,
207,,0.0,,,,,,,,,,
208,,0.0,,,,,,,,,,
209,,0.0,,,,,,,,,,
210,,0.0,,,,,,,,,,
211,,0.0,,,,,,,,,,
212,,0.0,,,,,,,,,,
213,,0.0,,,,,,,,,,
214,,0.0,,,,,,,,,,
215,,0.0,,,,,,,,,,
216,,0.0,,,,,,,,,,
217,,0.0,,,,,,,,,,
218,,0.0,,,,,,,,,,
219,,0.0,,,,,,,,,,
