,guesses,n_starts,nominal_par,options
0,0.6173207323089437,10.0,0.181256315,"MODEL: Crauste model comprehensive, 
SCALE: log(x + 1)
STARTS: 10
CONV POINTS: 1
TIME: 6.524706125259399"
1,0.12671826420144172,,0.009697564740000001,
2,0.0,,0.00515080856,
3,1.744394077183748,,1.69961868e-05,
4,0.0,,4.34294518e-11,
5,1.1182889243308776,,3.52437287e-06,
6,0.24549537738747926,,0.240526112,
7,0.7820743981753214,,4.342923230000001e-06,
8,2.0,,6.13435703e-11,
9,2.0,,1.57821086e-05,
10,0.15715225841977393,,0.178233035,
11,0.7621967705183534,,0.0516858128,
12,0.0,,0.0,
13,0.0,,0.0,
14,0.9153484073316333,,0.0,
15,1.6206223122529642,,0.0,
16,0.1364050807132037,,0.0,
17,0.6264184038449641,,0.0,
18,0.6086052077532017,,0.0,
19,0.9472034987256727,,0.0,
20,0.3247304745757175,,0.0,
21,0.9216941285793799,,0.0,
22,0.3398678537847292,,,
23,1.424251258958943,,,
24,0.2948589718704204,,,
25,0.8613975732484918,,,
26,1.2312542208105677,,,
27,0.31300441786813826,,,
28,0.24538376296158845,,,
29,0.35700466944556214,,,
30,2.0,,,
31,1.652143100953373,,,
32,0.7313173179245833,,,
33,0.7165477598892969,,,
34,0.0,,,
35,0.2305884065791716,,,
36,0.7449114450603928,,,
37,0.47146428255546924,,,
38,0.6275737937849271,,,
39,1.5434545718497168,,,
40,0.5589469156512927,,,
41,1.6719559068307384,,,
42,0.7871266442362043,,,
43,0.34482513288436617,,,
44,0.40865128297892883,,,
45,1.6675201913551037,,,
46,0.0,,,
47,0.9541095013284153,,,
48,0.9433241542247386,,,
49,1.5802431647784818,,,
50,0.24512712698720873,,,
51,1.2395563494116282,,,
52,1.7384570074186378,,,
53,2.0,,,
54,1.2954261752945637,,,
55,1.2114341804274762,,,
56,0.3039217890595452,,,
57,1.229678220798672,,,
58,0.2986085677093003,,,
59,1.3281194478812386,,,
60,0.72704470820353,,,
61,1.6993717870881313,,,
62,1.7198992827538222,,,
63,0.3593597517901861,,,
64,1.1810689340106495,,,
65,0.8676381953356321,,,
66,0.15750727144289217,,,
67,1.6845316667927654,,,
68,1.310973597577893,,,
69,1.258738998791962,,,
70,1.118670381850144,,,
71,0.2234432888527272,,,
72,1.5643187120373023,,,
73,0.9346937303556246,,,
74,0.6444756084206232,,,
75,1.3612787024329374,,,
76,1.0917042079048638,,,
77,1.8217644244082922,,,
78,0.2485241805841415,,,
79,1.7191881225053414,,,
80,0.03622540946903171,,,
81,1.167512784201177,,,
82,0.9618199372570679,,,
83,0.8837366834302606,,,
84,0.6560370174009267,,,
85,0.4407304296946883,,,
86,1.7512694358539713,,,
87,0.4461231080235008,,,
88,0.08502564770147525,,,
89,1.3104726651490348,,,
90,0.23949100162770165,,,
91,0.9542869591594934,,,
92,0.6885081215872912,,,
93,1.570460128201611,,,
94,1.8129380979611833,,,
95,0.522262156165167,,,
96,1.6767230589546265,,,
97,1.5460638622863456,,,
98,0.6773902489560553,,,
99,0.26507821035863954,,,
100,0.6241108151745691,,,
101,1.2665424908705951,,,
102,1.3001071492035094,,,
103,1.4274707016342851,,,
104,0.07505302441492812,,,
105,0.33196914229122587,,,
106,0.5783300954899213,,,
107,0.9668024111156119,,,
108,1.9341025940387695,,,
109,1.9727780202160687,,,
110,0.3965720559262462,,,
111,1.98400832685201,,,
112,1.1269925264224452,,,
113,1.6357052317534837,,,
114,1.9596458672346464,,,
115,1.301692345869878,,,
116,1.1012241062896988,,,
117,1.275368089947754,,,
118,0.014651857655532563,,,
119,0.5507617866953602,,,
120,1.3401431245417863,,,
121,1.577516467642471,,,
122,0.9897794123602484,,,
123,1.2993324142338625,,,
124,1.3838310173298891,,,
125,0.4966258475473402,,,
126,1.010296387887023,,,
127,0.5044368105522494,,,
128,1.9459934904224943,,,
129,1.9107960938441362,,,
130,0.6802841454506849,,,
131,1.2903942922329348,,,
132,0.03476615186434451,,,
133,0.9906632155476103,,,
134,1.3146720244098433,,,
135,0.24432601254864594,,,
136,0.18192731954174657,,,
137,0.5500297937777294,,,
138,1.9094524078606265,,,
139,0.7717013440083973,,,
140,0.3063174131359414,,,
141,0.4296286202945625,,,
142,1.1726291118584968,,,
143,0.8505106423613085,,,
144,1.358835408898949,,,
145,1.6787954126205222,,,
146,0.13188265926469822,,,
147,0.9642490731781022,,,
148,1.010148708546851,,,
149,0.7905525113507397,,,
150,0.9138189663618901,,,
151,1.8383864687789604,,,
152,1.0340330192741185,,,
153,1.3068861428299303,,,
154,1.0609578518150544,,,
155,1.5078855461470175,,,
156,1.4319590561053195,,,
157,1.0050949072789888,,,
158,1.1496335227536707,,,
159,1.393520342181842,,,
160,1.4812100505050056,,,
161,1.5413148084939698,,,
162,1.5504781359856656,,,
163,1.3622143395696977,,,
164,0.9837581716857855,,,
165,0.8331191283019059,,,
166,0.8067498806142788,,,
167,1.5938157247037024,,,
168,0.9284224468669411,,,
169,1.013000317640451,,,
170,1.6168558696261088,,,
171,1.4047269918806167,,,
172,1.7445726415649343,,,
173,0.13680707548299886,,,
174,0.9808432427870144,,,
175,1.183062906808983,,,
176,1.8127811331981374,,,
177,1.2563195416455983,,,
178,0.5465173069016718,,,
179,1.9611162672888995,,,
180,0.09540806726315032,,,
181,1.136000359412776,,,
182,0.18210350730747193,,,
183,1.9068517669398748,,,
184,1.4102530336854902,,,
185,0.5517751448288406,,,
186,1.5154931589070342,,,
187,1.485058532909253,,,
188,1.4958982258984939,,,
189,0.06666881576504124,,,
190,1.191822494675138,,,
191,0.1969553363312535,,,
192,0.9027335208787379,,,
193,0.6602855013869748,,,
194,0.5744800737192035,,,
195,0.37291267449399457,,,
196,0.9016758771013986,,,
197,0.6981946104977703,,,
198,1.8703676955745074,,,
199,0.3954673819039918,,,
200,0.9153762610881413,,,
201,1.0051782049179487,,,
202,0.307050983453935,,,
203,1.1931356645762963,,,
204,0.1365369672959995,,,
205,0.3628941523109519,,,
206,1.631637240228943,,,
207,0.2677213968902141,,,
208,1.6043218729449988,,,
209,0.5995461270290126,,,
210,1.5114137542627735,,,
211,0.1493917018417572,,,
212,1.491288044485871,,,
213,0.9552760412998813,,,
214,0.8562030229141693,,,
215,0.5779514943928168,,,
216,0.04724243427600516,,,
217,0.6631191599185964,,,
218,1.2081698959454603,,,
219,1.8886359061108204,,,
