,startpoints,n_starts,n_par,options
0,760.9394748364401,10.0,3.0,
1,178.18257334265198,,,
2,51.00473385020725,,,
3,116.3678241677234,,,
4,262.75163597552984,,,
5,70.33062717696578,,,
6,402.9068261837179,,,
7,361.31467680590066,,,
8,841.5781919130728,,,
9,137.4031031782349,,,
10,873.2742304093251,,,
11,288.2303350911795,,,
12,308.66171879475337,,,
13,124.17720957375388,,,
14,452.706629629091,,,
15,616.1313496455431,,,
16,358.3070481654884,,,
17,737.1842672894669,,,
18,715.0244755790292,,,
19,556.1235831617731,,,
20,83.11709459289142,,,
21,477.6687409069994,,,
22,584.722655072022,,,
23,324.41249118313993,,,
24,717.346327778327,,,
25,566.3431840377972,,,
26,741.3546633602933,,,
27,15.00228611634624,,,
28,894.0521069273655,,,
29,968.00802875952,,,
