,n_start,xs,fval,best_par,nominal_par,par_names,opt_lh,conv_points,comp_time,opt_interval,startpoints,options
0,10.0,-0.7127391076774673,-4.341645225606872,-0.7127391076774673,-0.69897,$\xi_1$,-3.6863112922214354,6.0,2.3561270236968994,-5.0,[ 2.37002208 -2.104434   -2.32303839],"MODEL: caro model true, 
SCALE: log10, 
STARTS: 10
CONV POINTS: 6
TIME: 2.3561270236968994"
1,,-0.9346636676317055,-4.3416450763489,-0.9346636676317055,-1.0,$\xi_2$,,,,-5.0,[-3.53561686 -0.62960322  2.28263362],
2,,-0.9304950066827969,-4.341644901015455,-0.9304950066827969,-0.82390874,$\sigma$,,,,-5.0,[-3.00397181 -2.53452783 -2.47397836],
3,,-0.7127391078811717,-4.341644835162513,,,,,,,3.0,[-4.47842365  0.72690079 -2.7645013 ],
4,,-0.9346638316842375,-4.34164482743147,,,,,,,3.0,[-1.50067641 -3.81277174 -1.96722246],
5,,-0.9304949308161128,-4.341644826366052,,,,,,,3.0,[-3.53836809  1.02300427 -0.48134328],
6,,-0.712738698442221,17.43975104148811,,,,,,,,[ 0.91062848  2.29336541 -3.24060795],
7,,-0.934665448675208,17.439753443590018,,,,,,,,[ 0.97905828  0.50207652 -0.23651903],
8,,-0.9304948178872133,17.4397537788984,,,,,,,,[ 2.96402594  2.80395141 -0.04250484],
9,,-0.7127389211193498,17.43975385132707,,,,,,,,[ 0.49824694 -1.64844927  0.53590549],
10,,-0.934664596983653,,,,,,,,,,
11,,-0.9304956711528035,,,,,,,,,,
12,,-0.7127389004637437,,,,,,,,,,
13,,-0.9346647131923635,,,,,,,,,,
14,,-0.9304958735955402,,,,,,,,,,
15,,-0.7127389066730659,,,,,,,,,,
16,,-0.934664625285025,,,,,,,,,,
17,,-0.9304964230485383,,,,,,,,,,
18,,-4.9925732047889815,,,,,,,,,,
19,,-3.546677218194411,,,,,,,,,,
20,,0.6460940807665664,,,,,,,,,,
21,,-4.999999896501612,,,,,,,,,,
22,,-4.2984962685028565,,,,,,,,,,
23,,0.6460942670621465,,,,,,,,,,
24,,-4.999999940886041,,,,,,,,,,
25,,-4.76566262383934,,,,,,,,,,
26,,0.6460942962365382,,,,,,,,,,
27,,-4.9999999899159615,,,,,,,,,,
28,,-4.999999985189303,,,,,,,,,,
29,,0.6460943021066446,,,,,,,,,,
