,n_start,xs,fval,best_par,nominal_par,par_names,opt_lh,conv_points,comp_time,opt_interval,startpoints,options
0,10.0,-0.6687815143847219,291.75432631201346,-0.6687815143847219,-0.285715569025781,delta_EL,190.96397863169233,1.0,7.316208124160767,-5.0,"[-0.49286379 -2.34468081  1.46213813 -2.09547692 -6.45792675  0.40333796
  1.20820107 -4.66460537 -3.85918592  1.91169834 -0.32756982 -4.98053141]","MODEL: Crauste model base, 
SCALE: log10
STARTS: 10
CONV POINTS: 1
TIME: 7.316208124160767"
1,,-1.316773859556997,291.75449984447334,-1.316773859556997,-1.64626381190955,delta_LM,,,,-5.0,"[-3.51367071  2.00105948 -1.81530947 -3.26018477 -7.91168135 -3.61340642
  1.99043946 -1.08490858  1.45631559 -4.5625913  -3.06145419 -3.81435516]",
2,,1.8347189321836028,309.69544681995416,1.8347189321836028,-1.92333087368794,delta_NE,,,,-5.0,"[-3.33935312  2.86351814 -0.43879496 -4.04239843  1.08022902 -2.78559418
 -0.50920289 -1.42704633  1.26200069 -4.66358067 -0.04223546  0.02230549]",
3,,-5.0,312.48878566749903,-5.0,-4.407424157293231,mu_EE,,,,-5.0,"[ 1.71285847  0.57191571 -0.03314699 -1.52289831 -4.05910229 -2.91346349
  1.61297291 -4.37516378 -9.37808114  0.85320992 -0.06909795 -3.45737054]",
4,,-9.829089867816835,312.4887856680934,-9.829089867816835,-9.99999999999997,mu_LE,,,,-10.0,"[ 2.09388052 -0.42176987  2.96108205  2.85150435  2.65785921  0.51401733
  1.54737925 -1.44175022 -4.121167   -1.86947246 -4.96841911 -1.96785106]",
5,,-10.0,312.4887856680976,-10.0,-5.090700702632191,mu_LL,,,,-10.0,"[ 1.13570486 -0.96996468  1.70995583  2.91785076 -1.5450189   0.46039399
  1.74887782  1.45105935 -0.30402676  1.02548682  2.88265267 -3.02802172]",
6,,-0.14477363204498317,315.06126491088463,-0.14477363204498317,-0.13082268528194602,mu_N,,,,-5.0,"[ 0.66800757 -4.2229028  -1.51558262 -3.51681497 -2.88604432 -9.00207909
 -3.51752421  0.7989253  -5.66570962 -1.36647692  1.71811502 -4.27086238]",
7,,-4.66461796988501,8503.870877219993,-4.66461796988501,-4.999999984703741,mu_P,,,,-5.0,"[-1.72656013 -1.26139123 -3.81289034 -0.55712278 -4.9379688  -6.05227568
 -4.88587133 -1.68817053 -7.78560026  2.74564241 -2.2379488  -0.10530877]",
8,,-3.8662735320779915,inf,-3.8662735320779915,-9.85001546652046,mu_PE,,,,-10.0,"[-1.31776491 -2.84383922  1.64064023 -4.90555302 -2.11885335 -8.65818011
 -3.25194362 -2.77551333 -1.57225298 -0.09519637 -1.54156082  2.56976552]",
9,,3.0,inf,3.0,-4.43961138871735,mu_PL,,,,-5.0,"[ 1.59363112  0.97384245 -4.45618257 -2.46685074 -5.79105713 -3.04285868
  0.80132753 -1.2259403   0.7659446   1.56206796 -2.31018726  2.91553937]",
10,,0.5627235257832806,,0.5627235257832806,-0.294636143004535,rho_E,,,,-5.0,,
11,,-4.98052584794333,,-4.98052584794333,-0.8983137706244009,rho_P,,,,-5.0,,
12,,-0.6691646143093738,,,,,,,,3.0,,
13,,-1.3167045951044303,,,,,,,,3.0,,
14,,2.0617513204945386,,,,,,,,3.0,,
15,,-5.0,,,,,,,,3.0,,
16,,-7.9126248994070485,,,,,,,,3.0,,
17,,-10.0,,,,,,,,3.0,,
18,,-0.14501326116882413,,,,,,,,3.0,,
19,,-1.0871391097640857,,,,,,,,3.0,,
20,,-0.2585968504706341,,,,,,,,3.0,,
21,,-4.562591305356886,,,,,,,,3.0,,
22,,-3.061374216681161,,,,,,,,3.0,,
23,,-3.814351633997734,,,,,,,,3.0,,
24,,-1.3843174361214194,,,,,,,,,,
25,,2.9845463611627236,,,,,,,,,,
26,,3.0,,,,,,,,,,
27,,-4.999608564107762,,,,,,,,,,
28,,-4.163877412899408,,,,,,,,,,
29,,-2.785594181118121,,,,,,,,,,
30,,1.2323253408043398,,,,,,,,,,
31,,-1.42730033721518,,,,,,,,,,
32,,0.9645062312411611,,,,,,,,,,
33,,-4.663580670546987,,,,,,,,,,
34,,0.04048342878529467,,,,,,,,,,
35,,0.0279649790308486,,,,,,,,,,
36,,1.4517677044703017,,,,,,,,,,
37,,0.5916973183225198,,,,,,,,,,
38,,0.6334110558973913,,,,,,,,,,
39,,-1.5401489515378242,,,,,,,,,,
40,,-4.059163326260935,,,,,,,,,,
41,,-2.926904920439979,,,,,,,,,,
42,,1.3106247428477424,,,,,,,,,,
43,,-4.375164091762332,,,,,,,,,,
44,,-9.37808114157792,,,,,,,,,,
45,,0.5082620286944973,,,,,,,,,,
46,,-0.06401842369342604,,,,,,,,,,
47,,-3.4573683307478467,,,,,,,,,,
48,,3.0,,,,,,,,,,
49,,2.995991098741751,,,,,,,,,,
50,,2.7089003085442283,,,,,,,,,,
51,,2.7373502273118313,,,,,,,,,,
52,,-0.21058957990518473,,,,,,,,,,
53,,-2.767613717401986,,,,,,,,,,
54,,1.5297609312764369,,,,,,,,,,
55,,-1.4417188895332849,,,,,,,,,,
56,,-4.121164252460596,,,,,,,,,,
57,,-1.8692460960199122,,,,,,,,,,
58,,-4.968419111468412,,,,,,,,,,
59,,-1.9678603841373838,,,,,,,,,,
60,,2.2312342993589214,,,,,,,,,,
61,,3.0,,,,,,,,,,
62,,1.968716414869577,,,,,,,,,,
63,,2.048241579940664,,,,,,,,,,
64,,-1.5500173722929391,,,,,,,,,,
65,,-3.687510718142934,,,,,,,,,,
66,,1.0501675549027027,,,,,,,,,,
67,,1.103871994154446,,,,,,,,,,
68,,-0.37961390745155127,,,,,,,,,,
69,,0.7434634680273879,,,,,,,,,,
70,,2.9187287847633754,,,,,,,,,,
71,,-3.0280172056373122,,,,,,,,,,
72,,-4.822064051921435,,,,,,,,,,
73,,-4.180369385317618,,,,,,,,,,
74,,1.9184732586213866,,,,,,,,,,
75,,-5.0,,,,,,,,,,
76,,-3.305641093755286,,,,,,,,,,
77,,-9.002154235843683,,,,,,,,,,
78,,2.937676237254505,,,,,,,,,,
79,,-5.0,,,,,,,,,,
80,,-5.668965594523245,,,,,,,,,,
81,,-5.0,,,,,,,,,,
82,,-4.870158532235576,,,,,,,,,,
83,,-4.270529558469925,,,,,,,,,,
84,,-1.7265601303896734,,,,,,,,,,
85,,-1.2613912325858987,,,,,,,,,,
86,,-3.812890343407762,,,,,,,,,,
87,,-0.557122777916816,,,,,,,,,,
88,,-4.937968795383464,,,,,,,,,,
89,,-6.052275679823127,,,,,,,,,,
90,,-4.8858713273962655,,,,,,,,,,
91,,-1.688170530952859,,,,,,,,,,
92,,-7.7856002571911915,,,,,,,,,,
93,,2.745642410958597,,,,,,,,,,
94,,-2.237948803584887,,,,,,,,,,
95,,-0.10530877284794649,,,,,,,,,,
96,,0.0,,,,,,,,,,
97,,0.0,,,,,,,,,,
98,,0.0,,,,,,,,,,
99,,0.0,,,,,,,,,,
100,,0.0,,,,,,,,,,
101,,0.0,,,,,,,,,,
102,,0.0,,,,,,,,,,
103,,0.0,,,,,,,,,,
104,,0.0,,,,,,,,,,
105,,0.0,,,,,,,,,,
106,,0.0,,,,,,,,,,
107,,0.0,,,,,,,,,,
108,,0.0,,,,,,,,,,
109,,0.0,,,,,,,,,,
110,,0.0,,,,,,,,,,
111,,0.0,,,,,,,,,,
112,,0.0,,,,,,,,,,
113,,0.0,,,,,,,,,,
114,,0.0,,,,,,,,,,
115,,0.0,,,,,,,,,,
116,,0.0,,,,,,,,,,
117,,0.0,,,,,,,,,,
118,,0.0,,,,,,,,,,
119,,0.0,,,,,,,,,,
