,n_start,xs,fval,best_par,nominal_par,par_names,opt_lh,conv_points,comp_time,opt_interval,startpoints,options
0,10.0,0.7485583280761037,291.73264834479545,0.7485583280761037,0.805971443,delta_EL,190.96401405317917,1.0,10.123218774795532,0.0,"[0.28769001 0.67705092 0.0638215  0.63594005 0.12525307 0.44509233
 0.68860247 0.99495005 0.89141041 0.2011495  0.06927662 0.567149  ]","MODEL: Crauste model base, 
SCALE: logicle(T=10, end_lin=1e-05)
STARTS: 10
CONV POINTS: 1
TIME: 10.123218774795532"
1,,0.6507592061417946,291.7327861841865,0.6507592061417946,0.600623948,delta_LM,,,,0.0,"[0.81150364 0.81687735 0.1266711  0.39367989 0.41896227 0.92889573
 0.96234339 0.97856691 0.53809737 0.78614011 0.66675928 0.37044083]",
2,,1.0,291.7730997739833,1.0,0.558786796,delta_NE,,,,0.0,"[0.48209496 0.78181204 0.63455129 0.30875119 0.07822689 0.16026609
 0.91080955 0.74528492 0.97065101 0.36923379 0.14797938 0.173102  ]",
3,,0.0,2940.54929997742,0.0,0.17286445600000003,mu_EE,,,,0.0,"[0.83517202 0.56741443 0.90923399 0.75845194 0.79520092 0.01313224
 0.68315132 0.06647255 0.75582947 0.35884599 0.21151138 0.98806587]",
4,,0.0,4773.022156542055,0.0,8.436101840000001e-07,mu_LE,,,,0.0,"[0.15894781 0.48590016 0.70826012 0.28757235 0.48452906 0.23691117
 0.64822048 0.85175845 0.63402188 0.10254701 0.06903607 0.43037508]",
5,,0.0,5977.901216143072,0.0,0.0633769596,mu_LL,,,,0.0,"[0.81024364 0.26017823 0.03470316 0.95225552 0.54056641 0.93531583
 0.62115424 0.70673831 0.13354289 0.0880235  0.24691895 0.59400108]",
6,,0.8273058168960946,inf,0.8273058168960946,0.8293467040000001,mu_N,,,,0.0,"[0.69473841 0.7051868  0.20206322 0.67595311 0.81107586 0.44501294
 0.17840993 0.59271481 0.93443124 0.10399412 0.77888232 0.90080714]",
7,,0.7692815747717532,inf,0.7692815747717532,0.0754541222,mu_P,,,,0.0,"[0.36425278 0.79773623 0.45865513 0.85359824 0.09010882 0.77989134
 0.97786939 0.76862616 0.4784881  0.94369287 0.88130855 0.95488243]",
8,,0.6530611989413952,inf,0.6530611989413952,1.1521338899999999e-06,mu_PE,,,,0.0,"[0.36877845 0.96825404 0.04897486 0.30808132 0.6030394  0.06582106
 0.21726192 0.31144642 0.01554356 0.09375002 0.18418374 0.93861158]",
9,,0.20090687816601138,inf,0.20090687816601138,0.167384003,mu_PL,,,,0.0,"[0.90548894 0.39875014 0.34934474 0.16567211 0.75235775 0.36593893
 0.38875839 0.68880936 0.05518862 0.24066737 0.1441364  0.94953432]",
10,,0.06928025087758043,,0.06928025087758043,0.804625215,rho_E,,,,0.0,,
11,,0.5690140696734106,,0.5690140696734106,0.7135203529999999,rho_P,,,,0.0,,
12,,0.748566338870617,,,,,,,,1.0,,
13,,0.6507643631602059,,,,,,,,1.0,,
14,,1.0,,,,,,,,1.0,,
15,,0.0,,,,,,,,1.0,,
16,,0.0,,,,,,,,1.0,,
17,,0.0,,,,,,,,1.0,,
18,,0.827311973385936,,,,,,,,1.0,,
19,,0.9999914423746208,,,,,,,,1.0,,
20,,0.6340670868110193,,,,,,,,1.0,,
21,,0.7924576632188214,,,,,,,,1.0,,
22,,0.7268311621643875,,,,,,,,1.0,,
23,,0.3708726794136441,,,,,,,,1.0,,
24,,0.7676956593013178,,,,,,,,,,
25,,0.6576603768014806,,,,,,,,,,
26,,0.7257552781764837,,,,,,,,,,
27,,0.0,,,,,,,,,,
28,,0.0,,,,,,,,,,
29,,0.0,,,,,,,,,,
30,,0.81559974897971,,,,,,,,,,
31,,0.0,,,,,,,,,,
32,,0.0,,,,,,,,,,
33,,0.0,,,,,,,,,,
34,,0.14918561303502723,,,,,,,,,,
35,,0.17398826977698972,,,,,,,,,,
36,,0.8351720209165763,,,,,,,,,,
37,,0.5674144323300037,,,,,,,,,,
38,,0.9092339872615742,,,,,,,,,,
39,,0.7584519372931973,,,,,,,,,,
40,,0.7952009150328666,,,,,,,,,,
41,,0.013132242877823663,,,,,,,,,,
42,,0.6831513157097596,,,,,,,,,,
43,,0.06647255414020425,,,,,,,,,,
44,,0.7558294705492493,,,,,,,,,,
45,,0.3588459915610055,,,,,,,,,,
46,,0.21151137906191264,,,,,,,,,,
47,,0.9880658741912938,,,,,,,,,,
48,,0.15894780734474878,,,,,,,,,,
49,,0.48590015959578636,,,,,,,,,,
50,,0.7082601208493973,,,,,,,,,,
51,,0.28757234804264886,,,,,,,,,,
52,,0.48452905882661845,,,,,,,,,,
53,,0.2369111705385306,,,,,,,,,,
54,,0.6482204763544827,,,,,,,,,,
55,,0.8517584517156181,,,,,,,,,,
56,,0.6340218763650979,,,,,,,,,,
57,,0.10254701067961214,,,,,,,,,,
58,,0.06903607332440354,,,,,,,,,,
59,,0.4303750777373684,,,,,,,,,,
60,,0.8102436418493456,,,,,,,,,,
61,,0.2601782271063635,,,,,,,,,,
62,,0.03470315915359279,,,,,,,,,,
63,,0.9522555206638875,,,,,,,,,,
64,,0.5405664097432982,,,,,,,,,,
65,,0.9353158256863252,,,,,,,,,,
66,,0.6211542406399595,,,,,,,,,,
67,,0.7067383096538784,,,,,,,,,,
68,,0.13354289082821413,,,,,,,,,,
69,,0.0880234990492097,,,,,,,,,,
70,,0.24691895073530323,,,,,,,,,,
71,,0.5940010833348509,,,,,,,,,,
72,,0.0,,,,,,,,,,
73,,0.0,,,,,,,,,,
74,,0.0,,,,,,,,,,
75,,0.0,,,,,,,,,,
76,,0.0,,,,,,,,,,
77,,0.0,,,,,,,,,,
78,,0.0,,,,,,,,,,
79,,0.0,,,,,,,,,,
80,,0.0,,,,,,,,,,
81,,0.0,,,,,,,,,,
82,,0.0,,,,,,,,,,
83,,0.0,,,,,,,,,,
84,,0.0,,,,,,,,,,
85,,0.0,,,,,,,,,,
86,,0.0,,,,,,,,,,
87,,0.0,,,,,,,,,,
88,,0.0,,,,,,,,,,
89,,0.0,,,,,,,,,,
90,,0.0,,,,,,,,,,
91,,0.0,,,,,,,,,,
92,,0.0,,,,,,,,,,
93,,0.0,,,,,,,,,,
94,,0.0,,,,,,,,,,
95,,0.0,,,,,,,,,,
96,,0.0,,,,,,,,,,
97,,0.0,,,,,,,,,,
98,,0.0,,,,,,,,,,
99,,0.0,,,,,,,,,,
100,,0.0,,,,,,,,,,
101,,0.0,,,,,,,,,,
102,,0.0,,,,,,,,,,
103,,0.0,,,,,,,,,,
104,,0.0,,,,,,,,,,
105,,0.0,,,,,,,,,,
106,,0.0,,,,,,,,,,
107,,0.0,,,,,,,,,,
108,,0.0,,,,,,,,,,
109,,0.0,,,,,,,,,,
110,,0.0,,,,,,,,,,
111,,0.0,,,,,,,,,,
112,,0.0,,,,,,,,,,
113,,0.0,,,,,,,,,,
114,,0.0,,,,,,,,,,
115,,0.0,,,,,,,,,,
116,,0.0,,,,,,,,,,
117,,0.0,,,,,,,,,,
118,,0.0,,,,,,,,,,
119,,0.0,,,,,,,,,,
