,n_start,xs,fval,best_par,nominal_par,par_names,opt_lh,conv_points,comp_time,opt_interval,startpoints,options
0,10.0,-0.6675568651606797,291.7291673017848,-0.6675568651606797,-0.28570715,delta_EL,190.96604693815235,1.0,16.765290021896362,-5.0,"[-1.92816283 -0.42798343 -4.35748624 -0.02513493 -4.37005461 -1.17880187
  1.68451543 -1.50689317 -0.56116327  1.11274582 -0.90409858 -4.7747123 ]","MODEL: Crauste model base, 
SCALE: log(x + 1e-05)
STARTS: 10
CONV POINTS: 1
TIME: 16.765290021896362"
1,,-1.3146360543172235,293.57793361497465,-1.3146360543172235,-1.64607153,delta_LM,,,,-5.0,"[-1.19597834 -4.08480196 -4.93144258 -3.51157294 -2.55585089 -2.2883783
 -0.66279939  1.90316701 -2.07940291  0.91163104 -2.0214489  -3.91154588]",
2,,1.8690238502475711,294.7620563820833,1.8690238502475711,-1.92296709,delta_NE,,,,-5.0,"[ 0.56714538 -2.59302156 -3.29202906  1.08521683 -1.94332321 -2.50835101
 -2.50132315  1.4043368  -1.22455736  1.4707937  -4.92936856 -2.74586296]",
3,,-5.0,294.8042476991351,-5.0,-4.3086008,mu_EE,,,,-5.0,"[ 0.52167888 -4.77686045 -4.67978689  1.26277244 -2.35420457 -4.19326998
 -4.50205141  0.78138172 -1.53633082 -4.04674267 -1.0780782  -2.51085587]",
4,,-5.0,314.59207593858093,-5.0,-4.99999566,mu_LE,,,,-5.0,"[-3.40685776 -0.17940461  0.25728733 -2.02873343  0.04896996 -3.27229181
 -0.43556242 -4.2632756  -3.61262738 -0.45648979 -3.57156981 -1.71208882]",
5,,-5.0,2992.8312035697572,-5.0,-4.74195683,mu_LL,,,,-5.0,"[-0.31741987 -0.94198074  1.38519549 -4.71947719 -3.33007504  0.72386316
 -4.1433735  -0.9071732  -1.62405467 -3.06443054 -4.86459444 -0.99937498]",
6,,-0.14414610869570996,inf,-0.14414610869570996,-0.13081681,mu_N,,,,-5.0,"[-2.12362449 -0.75184832  1.84228951 -0.28527811  0.2617997   1.32802255
 -4.18669314 -1.26024007 -4.43914571  0.77344318 -1.75570056  0.17336537]",
7,,-1.055261949743036,inf,-1.055261949743036,-4.69897,mu_P,,,,-5.0,"[-3.83928211  1.88138558 -4.90682085 -1.56779657 -1.13448744 -0.44899434
 -3.40020755 -4.08347502 -2.61275812 -1.93793661 -2.45483526 -0.74488781]",
8,,-0.4697341775252707,inf,-0.4697341775252707,-4.99999387,mu_PE,,,,-5.0,"[-4.38341189 -3.70085963 -2.4164333  -1.21767401 -1.61550877 -3.74916472
  1.06386433  0.56431145 -2.74057367  0.26265407 -2.44515461  1.3731594 ]",
9,,2.0,inf,2.0,-4.33404108,mu_PL,,,,-5.0,"[-4.41158674  1.17254175  1.57154149 -2.71854481  0.72934494  0.166602
 -4.84305716 -3.97190917 -4.87998729  0.34494763 -2.19146242 -0.23394359]",
10,,-4.99999820287615,,-4.99999820287615,-0.29462754,rho_E,,,,-5.0,,
11,,-4.927059860357888,,-4.927059860357888,-0.89827942,rho_P,,,,-5.0,,
12,,-0.6675427636829734,,,,,,,,2.0,,
13,,-1.3144854164867363,,,,,,,,2.0,,
14,,1.5938583059011717,,,,,,,,2.0,,
15,,-5.0,,,,,,,,2.0,,
16,,-5.0,,,,,,,,2.0,,
17,,-5.0,,,,,,,,2.0,,
18,,1.9858476000125678,,,,,,,,2.0,,
19,,1.5104168036255579,,,,,,,,2.0,,
20,,-1.8776730792028429,,,,,,,,2.0,,
21,,1.4345757638393934,,,,,,,,2.0,,
22,,-2.021503255649464,,,,,,,,2.0,,
23,,-3.9115455958984273,,,,,,,,2.0,,
24,,1.9999168504962488,,,,,,,,,,
25,,-1.4735623097336428,,,,,,,,,,
26,,1.9543093578420567,,,,,,,,,,
27,,-3.0649784265046964,,,,,,,,,,
28,,-5.0,,,,,,,,,,
29,,-5.0,,,,,,,,,,
30,,-0.13760926801204398,,,,,,,,,,
31,,0.6698859075173988,,,,,,,,,,
32,,-0.9699407164728192,,,,,,,,,,
33,,0.9413579386920854,,,,,,,,,,
34,,-4.929359201565915,,,,,,,,,,
35,,-2.745768266273337,,,,,,,,,,
36,,1.9854208732584622,,,,,,,,,,
37,,-1.4361932923871479,,,,,,,,,,
38,,-0.46129541333014,,,,,,,,,,
39,,0.20839021348685197,,,,,,,,,,
40,,-2.5515665652285477,,,,,,,,,,
41,,-5.0,,,,,,,,,,
42,,-0.1634423223316297,,,,,,,,,,
43,,-0.30022583542796605,,,,,,,,,,
44,,-1.3592999163434847,,,,,,,,,,
45,,-4.1092555225788825,,,,,,,,,,
46,,-1.0500730958479283,,,,,,,,,,
47,,-2.5110878104851437,,,,,,,,,,
48,,-3.42882384231679,,,,,,,,,,
49,,-0.17679009498613787,,,,,,,,,,
50,,-0.9959868242680936,,,,,,,,,,
51,,-3.7250120882232958,,,,,,,,,,
52,,0.04802519071071737,,,,,,,,,,
53,,-3.2722918110070127,,,,,,,,,,
54,,-0.13072083894462597,,,,,,,,,,
55,,-4.264181790430768,,,,,,,,,,
56,,-4.393616458814853,,,,,,,,,,
57,,-0.4584710462993749,,,,,,,,,,
58,,-3.56453047835992,,,,,,,,,,
59,,-1.5599555652671744,,,,,,,,,,
60,,-0.31741986885981355,,,,,,,,,,
61,,-0.9419807355259566,,,,,,,,,,
62,,1.3851954851607484,,,,,,,,,,
63,,-4.71947719447502,,,,,,,,,,
64,,-3.3300750382540976,,,,,,,,,,
65,,0.7238631578585961,,,,,,,,,,
66,,-4.143373504078326,,,,,,,,,,
67,,-0.9071731960238596,,,,,,,,,,
68,,-1.6240546693758038,,,,,,,,,,
69,,-3.064430538471144,,,,,,,,,,
70,,-4.864594443467077,,,,,,,,,,
71,,-0.999374975309899,,,,,,,,,,
72,,0.0,,,,,,,,,,
73,,0.0,,,,,,,,,,
74,,0.0,,,,,,,,,,
75,,0.0,,,,,,,,,,
76,,0.0,,,,,,,,,,
77,,0.0,,,,,,,,,,
78,,0.0,,,,,,,,,,
79,,0.0,,,,,,,,,,
80,,0.0,,,,,,,,,,
81,,0.0,,,,,,,,,,
82,,0.0,,,,,,,,,,
83,,0.0,,,,,,,,,,
84,,0.0,,,,,,,,,,
85,,0.0,,,,,,,,,,
86,,0.0,,,,,,,,,,
87,,0.0,,,,,,,,,,
88,,0.0,,,,,,,,,,
89,,0.0,,,,,,,,,,
90,,0.0,,,,,,,,,,
91,,0.0,,,,,,,,,,
92,,0.0,,,,,,,,,,
93,,0.0,,,,,,,,,,
94,,0.0,,,,,,,,,,
95,,0.0,,,,,,,,,,
96,,0.0,,,,,,,,,,
97,,0.0,,,,,,,,,,
98,,0.0,,,,,,,,,,
99,,0.0,,,,,,,,,,
100,,0.0,,,,,,,,,,
101,,0.0,,,,,,,,,,
102,,0.0,,,,,,,,,,
103,,0.0,,,,,,,,,,
104,,0.0,,,,,,,,,,
105,,0.0,,,,,,,,,,
106,,0.0,,,,,,,,,,
107,,0.0,,,,,,,,,,
108,,0.0,,,,,,,,,,
109,,0.0,,,,,,,,,,
110,,0.0,,,,,,,,,,
111,,0.0,,,,,,,,,,
112,,0.0,,,,,,,,,,
113,,0.0,,,,,,,,,,
114,,0.0,,,,,,,,,,
115,,0.0,,,,,,,,,,
116,,0.0,,,,,,,,,,
117,,0.0,,,,,,,,,,
118,,0.0,,,,,,,,,,
119,,0.0,,,,,,,,,,
