,n_start,xs,fval,best_par,nominal_par,par_names,opt_lh,conv_points,comp_time,opt_interval,startpoints,options
0,10.0,1.999999999911008,310.6166639896227,1.999999999911008,0.5179459752925399,delta_EL,9337.026396474981,1.0,4.953966856002808,0.0,"[0.0539647  0.2848006  1.87327135 0.82514369 1.95417932 0.9382121
 0.40463026 0.2234857  1.56704127 0.99958269 0.30679886 1.98580949]","MODEL: Crauste model base, 
SCALE: log(x + 1)
STARTS: 10
CONV POINTS: 1
TIME: 4.953966856002808"
1,,1.999999999866104,312.4887856678147,1.999999999866104,0.0225806365892933,delta_LM,,,,0.0,"[0.4577058  0.99783603 1.89267077 0.86861455 0.9094151  1.36846804
 1.78705716 0.01308596 1.8902293  1.25224402 1.8024333  0.59855448]",
2,,1.7098506532136226,312.48878566809543,1.7098506532136226,0.0119307857579241,delta_NE,,,,0.0,"[1.90814294 1.51896926 0.02985477 1.16350297 1.86386644 0.5468796
 1.52846327 1.93172744 1.43167042 1.44613281 1.24789097 0.40348307]",
3,,0.0,312.4887856680956,0.0,3.91359322673521e-05,mu_EE,,,,0.0,"[0.14175421 0.06880662 0.24985442 0.58793742 1.66945362 0.85858668
 1.19492223 1.67794556 0.90002612 0.54650408 1.07204508 1.52495049]",
4,,0.0,312.48878566809566,0.0,1.0000000000000499e-10,mu_LE,,,,0.0,"[1.41698024 0.31781521 0.22069858 1.63771117 0.67725348 1.47167774
 1.89585132 1.8693505  1.9746808  0.82798886 0.62303878 0.28599367]",
5,,0.0,312.49148853632767,0.0,8.11520135326853e-06,mu_LL,,,,0.0,"[0.04400429 0.49161801 0.29203631 0.74370712 0.43281403 0.66047953
 1.37219288 0.63628207 1.96969088 0.53294523 1.621454   1.13374544]",
6,,0.24375193620389424,312.49647871332854,0.24375193620389424,0.739907308603256,mu_N,,,,0.0,"[1.28848868 0.08934535 0.81223099 1.69020675 1.40732245 0.44637306
 0.20563675 0.33667621 1.88934935 0.57062978 0.71738436 0.5530118 ]",
7,,0.22289536278044106,314.9548953494354,0.22289536278044106,1.0000000297684599e-05,mu_P,,,,0.0,"[0.64702462 1.27274222 0.42385248 1.76762751 0.34269672 0.46259475
 1.69325051 1.10297866 0.80030518 1.77741112 1.37234843 1.64470258]",
8,,1.0134417557232434,315.06185174603473,1.0134417557232434,1.36571832778378e-10,mu_PE,,,,0.0,"[0.43214426 0.44488502 1.3361643  0.01159667 0.35694365 0.38316346
 0.98604471 0.74979316 0.92448931 0.00589023 1.39396215 1.55096638]",
9,,0.9926930507862104,3124.8557417839343,0.9926930507862104,3.6340308186265e-05,mu_PL,,,,0.0,"[0.65612522 1.06607891 0.54926539 0.32175338 0.16122754 1.70798849
 0.03674775 1.00663842 1.19614769 1.11194357 0.80965321 0.94786003]",
10,,0.30810301180450844,,0.30810301180450844,0.507415703707752,rho_E,,,,0.0,,
11,,2.0,,2.0,0.126382288121756,rho_P,,,,0.0,,
12,,0.8239199510667782,,,,,,,,2.0,,
13,,1.9600628661514747,,,,,,,,2.0,,
14,,1.9864856166810803,,,,,,,,2.0,,
15,,1.0383144645336841e-05,,,,,,,,2.0,,
16,,0.03601377012320531,,,,,,,,2.0,,
17,,0.1675600651914203,,,,,,,,2.0,,
18,,1.7772585930653488,,,,,,,,2.0,,
19,,0.012920067373831017,,,,,,,,2.0,,
20,,1.1009116310985945,,,,,,,,2.0,,
21,,1.2512000330452338,,,,,,,,2.0,,
22,,1.8092905462020665,,,,,,,,2.0,,
23,,0.5989797046852093,,,,,,,,2.0,,
24,,2.0,,,,,,,,,,
25,,2.0,,,,,,,,,,
26,,1.8832357670578457,,,,,,,,,,
27,,0.17208920810640485,,,,,,,,,,
28,,0.0,,,,,,,,,,
29,,0.09370701884370665,,,,,,,,,,
30,,1.4268091846220223,,,,,,,,,,
31,,1.695349349666477,,,,,,,,,,
32,,0.24625095824754034,,,,,,,,,,
33,,1.083784986146714,,,,,,,,,,
34,,1.2582747354237365,,,,,,,,,,
35,,0.4062955679133125,,,,,,,,,,
36,,1.2273343672467154,,,,,,,,,,
37,,2.0,,,,,,,,,,
38,,1.3584011755521477,,,,,,,,,,
39,,6.822165492515767e-07,,,,,,,,,,
40,,0.0755778372136023,,,,,,,,,,
41,,0.7314493264648927,,,,,,,,,,
42,,1.1411116484806614,,,,,,,,,,
43,,1.5049870519118822,,,,,,,,,,
44,,0.23644694061553645,,,,,,,,,,
45,,0.5333468646367026,,,,,,,,,,
46,,1.0993334375163422,,,,,,,,,,
47,,1.6119320611814034,,,,,,,,,,
48,,1.8881170244960364,,,,,,,,,,
49,,2.0,,,,,,,,,,
50,,1.6917361910072366,,,,,,,,,,
51,,8.10311440267951e-09,,,,,,,,,,
52,,0.12259594618021841,,,,,,,,,,
53,,0.17446366761723492,,,,,,,,,,
54,,1.677869760594358,,,,,,,,,,
55,,1.6627381621708204,,,,,,,,,,
56,,0.4733257641508596,,,,,,,,,,
57,,0.7310212573330321,,,,,,,,,,
58,,0.6287514892350403,,,,,,,,,,
59,,0.28917058773849746,,,,,,,,,,
60,,2.0,,,,,,,,,,
61,,2.0,,,,,,,,,,
62,,1.7879176943079682,,,,,,,,,,
63,,0.0,,,,,,,,,,
64,,0.0,,,,,,,,,,
65,,0.0,,,,,,,,,,
66,,1.342730664614029,,,,,,,,,,
67,,0.6305371878240055,,,,,,,,,,
68,,1.0643290263829652,,,,,,,,,,
69,,0.5315608186858602,,,,,,,,,,
70,,1.6557363172626516,,,,,,,,,,
71,,1.1454849092299093,,,,,,,,,,
72,,2.0,,,,,,,,,,
73,,1.100311276207562,,,,,,,,,,
74,,1.563293007429939,,,,,,,,,,
75,,0.93688483093288,,,,,,,,,,
76,,-1.1102230246251565e-16,,,,,,,,,,
77,,0.0,,,,,,,,,,
78,,1.5795217434907334,,,,,,,,,,
79,,0.3189297949123416,,,,,,,,,,
80,,0.086188838568387,,,,,,,,,,
81,,0.14050493769302225,,,,,,,,,,
82,,0.7182043977580406,,,,,,,,,,
83,,0.5585712095653167,,,,,,,,,,
84,,2.0,,,,,,,,,,
85,,2.0,,,,,,,,,,
86,,1.1750864345891074,,,,,,,,,,
87,,0.7588103680538139,,,,,,,,,,
88,,0.0,,,,,,,,,,
89,,0.0,,,,,,,,,,
90,,1.2896392905509393,,,,,,,,,,
91,,0.9592969303420457,,,,,,,,,,
92,,0.2056750339762435,,,,,,,,,,
93,,0.8924051174383625,,,,,,,,,,
94,,1.3844830204994274,,,,,,,,,,
95,,1.9591103494704494,,,,,,,,,,
96,,0.5825389970580217,,,,,,,,,,
97,,1.0756680559686576,,,,,,,,,,
98,,1.3536804074666022,,,,,,,,,,
99,,0.0,,,,,,,,,,
100,,0.0,,,,,,,,,,
101,,0.28591414674940546,,,,,,,,,,
102,,0.9858364852167435,,,,,,,,,,
103,,0.7496685958043071,,,,,,,,,,
104,,0.9046573153433273,,,,,,,,,,
105,,0.005887476469861135,,,,,,,,,,
106,,1.3943314322275573,,,,,,,,,,
107,,1.5514995420295277,,,,,,,,,,
108,,0.6561252174753016,,,,,,,,,,
109,,1.0660789090116616,,,,,,,,,,
110,,0.5492653883385608,,,,,,,,,,
111,,0.3217533828584238,,,,,,,,,,
112,,0.1612275374038168,,,,,,,,,,
113,,1.7079884850045428,,,,,,,,,,
114,,0.036747752987012605,,,,,,,,,,
115,,1.0066384242622481,,,,,,,,,,
116,,1.196147692949117,,,,,,,,,,
117,,1.1119435712754056,,,,,,,,,,
118,,0.8096532068696565,,,,,,,,,,
119,,0.9478600289526105,,,,,,,,,,
