,reg_path,lambdas,sigma,par_names,conv_points,n_starts,options
0,0.6051524601221493,-0.0,1.0,$\xi_1$,644.0,1000.0,"MODEL: caro model,
SCALE: logicle(T=1000, end_lin=1e-05
#LAMBDA: 100
STARTS: 1000
TIME: 1314.6876556873322"
1,0.6047207185014106,0.02020202020202011,,$\xi_2$,650.0,,
2,0.6042955803647646,0.04040404040404022,,$\xi_3$,650.0,,
3,0.6038611153539923,0.06060606060606055,,,650.0,,
4,0.6034354637899823,0.08080808080808066,,,650.0,,
5,0.6030060237840376,0.10101010101010077,,,651.0,,
6,0.6025602734227732,0.1212121212121211,,,651.0,,
7,0.6021341087143465,0.14141414141414121,,,651.0,,
8,0.6016969251063364,0.16161616161616155,,,651.0,,
9,0.6012583413958198,0.18181818181818166,,,651.0,,
10,0.6008183171909254,0.20202020202020177,,,652.0,,
11,0.6003876737152343,0.2222222222222221,,,653.0,,
12,0.5999418075124072,0.2424242424242422,,,653.0,,
13,0.599503950909752,0.26262626262626254,,,655.0,,
14,0.5990566878577641,0.28282828282828265,,,656.0,,
15,0.5986151154259176,0.303030303030303,,,656.0,,
16,0.5981707855681974,0.3232323232323231,,,658.0,,
17,0.5977419225063221,0.3434343434343432,,,658.0,,
18,0.5972920647545317,0.36363636363636354,,,658.0,,
19,0.5968612950690843,0.38383838383838365,,,658.0,,
20,0.5964190354870748,0.404040404040404,,,658.0,,
21,0.5959780825723761,0.4242424242424241,,,658.0,,
22,0.5955493640809193,0.4444444444444444,,,658.0,,
23,0.5951094920679857,0.46464646464646453,,,658.0,,
24,0.5946607238991033,0.48484848484848464,,,658.0,,
25,0.5942279480473284,0.505050505050505,,,658.0,,
26,0.5937883671159648,0.5252525252525251,,,658.0,,
27,0.5933550746930787,0.5454545454545454,,,658.0,,
28,0.5929206018255164,0.5656565656565655,,,658.0,,
29,0.592487616957335,0.5858585858585856,,,658.0,,
30,0.5920565019628221,0.606060606060606,,,658.0,,
31,0.59161925897239,0.6262626262626261,,,658.0,,
32,0.5911965820205498,0.6464646464646464,,,658.0,,
33,0.5907674286733634,0.6666666666666665,,,658.0,,
34,0.5903463066845911,0.6868686868686869,,,658.0,,
35,0.5899218609432366,0.707070707070707,,,658.0,,
36,0.5894986565228416,0.7272727272727271,,,658.0,,
37,0.5890819277945337,0.7474747474747474,,,658.0,,
38,0.5886647040801885,0.7676767676767675,,,658.0,,
39,0.5882547374594262,0.7878787878787878,,,658.0,,
40,0.5878408861386344,0.808080808080808,,,658.0,,
41,0.587427246922361,0.8282828282828283,,,658.0,,
42,0.5870209715454755,0.8484848484848484,,,658.0,,
43,0.5866186016558615,0.8686868686868685,,,658.0,,
44,0.5862141443639631,0.8888888888888888,,,658.0,,
45,0.5858176676350519,0.909090909090909,,,658.0,,
46,0.5854178532915498,0.9292929292929293,,,658.0,,
47,0.5850203227877923,0.9494949494949494,,,658.0,,
48,0.5846341387060584,0.9696969696969695,,,658.0,,
49,0.584248501743849,0.9898989898989898,,,658.0,,
50,0.5838665243369043,1.01010101010101,,,658.0,,
51,0.5834909429544445,1.0303030303030303,,,658.0,,
52,0.5831099994817396,1.0505050505050504,,,658.0,,
53,0.5827377444130766,1.0707070707070705,,,658.0,,
54,0.5823710173465722,1.0909090909090908,,,658.0,,
55,0.582005676631509,1.1111111111111112,,,658.0,,
56,0.5816440943835817,1.1313131313131313,,,658.0,,
57,0.5812928040569824,1.1515151515151514,,,658.0,,
58,0.5809377079996684,1.1717171717171717,,,658.0,,
59,0.5805903361993028,1.1919191919191918,,,658.0,,
60,0.5802470608146731,1.212121212121212,,,658.0,,
61,0.5799110908876669,1.2323232323232323,,,658.0,,
62,0.5795730009457984,1.2525252525252526,,,658.0,,
63,0.5792456667537004,1.2727272727272727,,,657.0,,
64,0.5789174407098892,1.2929292929292928,,,658.0,,
65,0.5785965927425771,1.3131313131313131,,,655.0,,
66,0.5782846471284043,1.3333333333333333,,,657.0,,
67,0.5779686857843592,1.3535353535353534,,,658.0,,
68,0.5776663657338389,1.3737373737373737,,,655.0,,
69,0.5773684499064407,1.393939393939394,,,658.0,,
70,0.5770687552568833,1.4141414141414141,,,650.0,,
71,0.576774862613523,1.4343434343434343,,,598.0,,
72,0.5764923468166365,1.4545454545454546,,,579.0,,
73,0.5762104752648598,1.4747474747474747,,,526.0,,
74,0.5759336700317684,1.4949494949494948,,,516.0,,
75,0.5756614552006208,1.5151515151515151,,,531.0,,
76,0.5753940721959572,1.5353535353535352,,,545.0,,
77,0.5751296933847889,1.5555555555555556,,,561.0,,
78,0.5748778490935056,1.5757575757575757,,,543.0,,
79,0.5746215469372674,1.595959595959596,,,583.0,,
80,0.5743727162354871,1.6161616161616161,,,640.0,,
81,0.574129522713055,1.6363636363636362,,,498.0,,
82,0.5738877628636778,1.6565656565656566,,,516.0,,
83,0.57368376589755,1.6767676767676767,,,588.0,,
84,0.5736927640552326,1.696969696969697,,,630.0,,
85,0.5737019826176692,1.7171717171717171,,,645.0,,
86,0.5737110753303056,1.7373737373737375,,,651.0,,
87,0.5737211308676607,1.7575757575757576,,,655.0,,
88,0.5737311719426896,1.7777777777777777,,,658.0,,
89,0.5737417329788236,1.797979797979798,,,658.0,,
90,0.5737527423763967,1.8181818181818181,,,658.0,,
91,0.5737640081690732,1.8383838383838385,,,658.0,,
92,0.5737757804905803,1.8585858585858586,,,658.0,,
93,0.5737879192354111,1.878787878787879,,,658.0,,
94,0.0,1.898989898989899,,,322.0,,
95,0.0,1.9191919191919191,,,364.0,,
96,0.0,1.9393939393939394,,,364.0,,
97,0.0,1.9595959595959596,,,364.0,,
98,0.0,1.97979797979798,,,372.0,,
99,0.0,2.0,,,473.0,,
100,0.48350087634984307,,,,,,
101,0.4840436919105222,,,,,,
102,0.48457971538626543,,,,,,
103,0.48512829577926525,,,,,,
104,0.4856675130927875,,,,,,
105,0.48621291514288195,,,,,,
106,0.4867802940958912,,,,,,
107,0.48732383700994286,,,,,,
108,0.48788326679116734,,,,,,
109,0.4884456504468368,,,,,,
110,0.4890116519391486,,,,,,
111,0.4895670672617568,,,,,,
112,0.4901434023254369,,,,,,
113,0.4907112325015824,,,,,,
114,0.4912928675856869,,,,,,
115,0.49186869172629,,,,,,
116,0.4924496045192277,,,,,,
117,0.4930127407512062,,,,,,
118,0.4936047037019134,,,,,,
119,0.49417334171802846,,,,,,
120,0.4947586895808172,,,,,,
121,0.4953444726997213,,,,,,
122,0.4959157945342416,,,,,,
123,0.4965032608235134,,,,,,
124,0.4971050993110252,,,,,,
125,0.49768692251003777,,,,,,
126,0.49828070353447806,,,,,,
127,0.4988677903956289,,,,,,
128,0.49945802401567857,,,,,,
129,0.500048485913177,,,,,,
130,0.5006383612434716,,,,,,
131,0.5012384008547226,,,,,,
132,0.5018213783847131,,,,,,
133,0.5024146684493802,,,,,,
134,0.5029993624887941,,,,,,
135,0.5035904249217581,,,,,,
136,0.5041822418965711,,,,,,
137,0.5047668092288249,,,,,,
138,0.505354464962511,,,,,,
139,0.5059333361657024,,,,,,
140,0.5065207452180094,,,,,,
141,0.5071099609808829,,,,,,
142,0.5076905800582278,,,,,,
143,0.5082671555588695,,,,,,
144,0.508849895902415,,,,,,
145,0.5094227550088729,,,,,,
146,0.5100030780490713,,,,,,
147,0.5105816658901,,,,,,
148,0.5111460978776089,,,,,,
149,0.5117117007220526,,,,,,
150,0.5122737650251493,,,,,,
151,0.5128281886199897,,,,,,
152,0.5133931936606801,,,,,,
153,0.5139464521325188,,,,,,
154,0.5144941984604825,,,,,,
155,0.5150409925304015,,,,,,
156,0.5155849780360926,,,,,,
157,0.5161127292891449,,,,,,
158,0.5166496949649203,,,,,,
159,0.5171762550611672,,,,,,
160,0.5176974173512849,,,,,,
161,0.5182086573120314,,,,,,
162,0.51872554854274,,,,,,
163,0.5192261903069747,,,,,,
164,0.519729873513101,,,,,,
165,0.5202227517366396,,,,,,
166,0.5207025849932828,,,,,,
167,0.5211895095998256,,,,,,
168,0.5216547229695919,,,,,,
169,0.5221140762443962,,,,,,
170,0.5225766455368918,,,,,,
171,0.523029475956787,,,,,,
172,0.5234651316354028,,,,,,
173,0.5238991269885769,,,,,,
174,0.5243245647611384,,,,,,
175,0.5247425654692657,,,,,,
176,0.5251507727177649,,,,,,
177,0.5255533813214279,,,,,,
178,0.5259355517972303,,,,,,
179,0.5263236262758352,,,,,,
180,0.5266973841733634,,,,,,
181,0.5270596483629526,,,,,,
182,0.5274181849952987,,,,,,
183,0.5277142678028406,,,,,,
184,0.5276724943600682,,,,,,
185,0.5276293000993494,,,,,,
186,0.5275859973505473,,,,,,
187,0.5275387699049131,,,,,,
188,0.5274912710388439,,,,,,
189,0.5274413481301727,,,,,,
190,0.527389655257399,,,,,,
191,0.5273357118955092,,,,,,
192,0.5272797495332472,,,,,,
193,0.5272218400056445,,,,,,
194,0.0,,,,,,
195,0.0,,,,,,
196,0.0,,,,,,
197,0.0,,,,,,
198,0.0,,,,,,
199,0.0,,,,,,
200,0.3178075330865961,,,,,,
201,0.3178297751234708,,,,,,
202,0.317844584621778,,,,,,
203,0.31784900916915965,,,,,,
204,0.3178453845891989,,,,,,
205,0.3178325327080995,,,,,,
206,0.31780835796923,,,,,,
207,0.31777434081456196,,,,,,
208,0.3177295833078735,,,,,,
209,0.3176729752836846,,,,,,
210,0.3176051045254307,,,,,,
211,0.31752716429419914,,,,,,
212,0.3174328841621763,,,,,,
213,0.31732822780709663,,,,,,
214,0.31720769727813597,,,,,,
215,0.3170742875089831,,,,,,
216,0.3169248012536349,,,,,,
217,0.31676867592682895,,,,,,
218,0.31658651709354196,,,,,,
219,0.31639838699215045,,,,,,
220,0.3161868939614344,,,,,,
221,0.3159595501519507,,,,,,
222,0.315721367030044,,,,,,
223,0.31545645367141123,,,,,,
224,0.31516758037153214,,,,,,
225,0.31486749580447126,,,,,,
226,0.3145436895478709,,,,,,
227,0.31420241227118956,,,,,,
228,0.3138361936656967,,,,,,
229,0.31344807450149503,,,,,,
230,0.3130367043265392,,,,,,
231,0.3125918705326141,,,,,,
232,0.3121385154051366,,,,,,
233,0.3116476426190123,,,,,,
234,0.3111384504534801,,,,,,
235,0.31059344160609614,,,,,,
236,0.31001930273969475,,,,,,
237,0.3094194386956423,,,,,,
238,0.30878512352796944,,,,,,
239,0.3081237047022688,,,,,,
240,0.3074205809617404,,,,,,
241,0.3066770773151304,,,,,,
242,0.30590396505143463,,,,,,
243,0.30509305230613004,,,,,,
244,0.30423321093552125,,,,,,
245,0.30334144884120273,,,,,,
246,0.30239132026747195,,,,,,
247,0.301389082552367,,,,,,
248,0.3003611416362646,,,,,,
249,0.299272909398942,,,,,,
250,0.29813129959844414,,,,,,
251,0.2969413570279172,,,,,,
252,0.2956648067744698,,,,,,
253,0.2943376444210858,,,,,,
254,0.29295225378885925,,,,,,
255,0.29148289255567766,,,,,,
256,0.28994067306882626,,,,,,
257,0.28833437844750154,,,,,,
258,0.2866123037307876,,,,,,
259,0.2848124715664086,,,,,,
260,0.28290719253807073,,,,,,
261,0.28091029035110887,,,,,,
262,0.2787610734587492,,,,,,
263,0.27651829456211324,,,,,,
264,0.27409854294630537,,,,,,
265,0.2715406081332369,,,,,,
266,0.26884724679928035,,,,,,
267,0.26588354683364657,,,,,,
268,0.2627815612525702,,,,,,
269,0.25944370958676655,,,,,,
270,0.25574622901770405,,,,,,
271,0.2517230819914641,,,,,,
272,0.24742434681821826,,,,,,
273,0.24260573346026562,,,,,,
274,0.23723950289358386,,,,,,
275,0.23118448340085343,,,,,,
276,0.2242499904962063,,,,,,
277,0.21609516036272552,,,,,,
278,0.20664512117419057,,,,,,
279,0.19448830259115246,,,,,,
280,0.17857995268347218,,,,,,
281,0.1554054294861075,,,,,,
282,0.11203466164668228,,,,,,
283,5.604928911950838e-07,,,,,,
284,4.062445048563978e-07,,,,,,
285,0.0,,,,,,
286,0.0,,,,,,
287,0.0,,,,,,
288,0.0,,,,,,
289,0.0,,,,,,
290,0.0,,,,,,
291,0.0,,,,,,
292,0.0,,,,,,
293,0.0,,,,,,
294,0.0,,,,,,
295,0.0,,,,,,
296,0.0,,,,,,
297,0.0,,,,,,
298,0.0,,,,,,
299,0.0,,,,,,
