,startpoints,n_starts,n_par,options
0,-2.9733377670991286,10.0,22.0,
1,0.39677072240575706,,,
2,0.25299119713697005,,,
3,0.018234251910680843,,,
4,-0.8256328571705236,,,
5,-1.2603704069182426,,,
6,0.6237753000876167,,,
7,-2.9672334923413994,,,
8,-2.3036242326581586,,,
9,-1.5346396068904178,,,
10,-1.2984198860199592,,,
11,-1.5008725159225214,,,
12,0.08421221603548945,,,
13,-0.841982755247142,,,
14,0.0685432992810342,,,
15,-2.7285586656613114,,,
16,-0.41242897580079996,,,
17,0.7644324259337671,,,
18,0.8214138139692553,,,
19,-2.005240755039343,,,
20,-0.9661790495455458,,,
21,-0.4276225390918156,,,
22,-1.52888408689684,,,
23,-0.6007567356182606,,,
24,-0.4132627663354991,,,
25,-2.3798384295291504,,,
26,0.29008798281286063,,,
27,0.38808611118496783,,,
28,-2.76617305089579,,,
29,-0.18603314218186862,,,
30,-0.6200986059685873,,,
31,-0.6566835323760305,,,
32,-0.5357094095288666,,,
33,-2.375268402076274,,,
34,-1.113310724217,,,
35,-2.192472552987535,,,
36,-2.943112646386809,,,
37,-1.9715177520894422,,,
38,0.7350420894526977,,,
39,-2.3058690264234745,,,
40,-2.2908558145775855,,,
41,0.6769473105219994,,,
42,-2.3583877898445853,,,
43,-1.7110693269322925,,,
44,-1.1749496812805802,,,
45,-0.4158039672881064,,,
46,-2.686543029447211,,,
47,0.28772742275460716,,,
48,-0.5295606347135124,,,
49,-1.3258601748597205,,,
50,-2.9755194300752814,,,
51,-2.586687835420007,,,
52,0.37453806318544425,,,
53,-2.7976642578183295,,,
54,-0.6729341964823474,,,
55,-2.5311442235821504,,,
56,0.8462233901595138,,,
57,-0.9725771458214503,,,
58,-1.01124173918664,,,
59,-1.5570208199609752,,,
60,-2.1670713854237795,,,
61,-1.955856290427445,,,
62,0.6528274589041914,,,
63,-1.715227724965453,,,
64,-2.785750603312144,,,
65,-2.9288505216513556,,,
66,-0.8876417698785173,,,
67,-1.3227942005514395,,,
68,-0.9433775357458005,,,
69,-2.4082425794596363,,,
70,-1.8684038913864724,,,
71,-1.575104496079986,,,
72,0.6531889227430825,,,
73,-0.7155058843470097,,,
74,-1.3689022470272807,,,
75,0.21785930192141212,,,
76,-0.8028404263734328,,,
77,0.9923182845883329,,,
78,-1.225235704277698,,,
79,-0.5312010941996923,,,
80,0.25550206264453257,,,
81,0.7334953328935807,,,
82,-1.4706150937358706,,,
83,-2.777369490661108,,,
84,-0.7884274833131255,,,
85,-1.9256854607665983,,,
86,-1.8952585801345792,,,
87,0.30929958291303805,,,
88,-2.2332946293409144,,,
89,-1.447518497361438,,,
90,-2.8652181523967326,,,
91,-2.8620866139432386,,,
92,-2.2127478782536243,,,
93,0.23848157181708407,,,
94,-0.11049281287027002,,,
95,-0.869732602259857,,,
96,0.16879951133964788,,,
97,-1.445657879905152,,,
98,-2.300033988470515,,,
99,0.330622007518798,,,
100,-1.8513927536141574,,,
101,-2.096170458432105,,,
102,-1.8895369498301884,,,
103,-2.184067110882636,,,
104,-0.5698091595215744,,,
105,0.8920408386873975,,,
106,-1.477312108081534,,,
107,-2.0817298454880713,,,
108,-1.6115878046230585,,,
109,-2.0383531279914173,,,
110,-2.5970269606956307,,,
111,-1.091647128101667,,,
112,-1.3038766229298124,,,
113,-2.9272067422406174,,,
114,-0.6752592578315642,,,
115,0.6613910033088706,,,
116,-2.988199519934649,,,
117,-1.2077370652901944,,,
118,-2.3898242942489443,,,
119,-2.774585238954694,,,
120,-2.039569526817243,,,
121,-2.2462490740544356,,,
122,-0.84381688956194,,,
123,-2.9783145339803485,,,
124,0.3558261899609083,,,
125,-0.125821957933284,,,
126,-0.8174159847826026,,,
127,-0.39546649907207243,,,
128,-1.2862208475600934,,,
129,0.990660200146321,,,
130,-1.1060546937818936,,,
131,0.32554348171016656,,,
132,0.627419579101745,,,
133,-2.8785592836962857,,,
134,-1.6385807120247518,,,
135,0.9480332084546896,,,
136,-2.4164376758259376,,,
137,0.2733575593046207,,,
138,-1.7830917935802137,,,
139,0.10949812457352115,,,
140,-1.9127304160667937,,,
141,-0.5046262750151294,,,
142,-1.5853187275780374,,,
143,-0.4998475173998864,,,
144,-2.533741021787672,,,
145,-0.24584847266038867,,,
146,-2.9938037332997447,,,
147,-1.8820326317802207,,,
148,-0.7494397470919325,,,
149,-1.121572198594189,,,
150,0.123953626846669,,,
151,-1.4835356167768112,,,
152,0.6964670021455155,,,
153,-1.8233723991494264,,,
154,0.177706093134689,,,
155,0.23592983189903016,,,
156,-1.2969776856203201,,,
157,0.06177889152063143,,,
158,0.27030658361866466,,,
159,-1.1064848197465311,,,
160,-2.398741648003905,,,
161,0.5690416920144936,,,
162,-1.4060259230934804,,,
163,-0.5543053480534046,,,
164,-0.7827087124863819,,,
165,-1.3609247073460393,,,
166,-2.2233408661466605,,,
167,0.2005450185890778,,,
168,-1.923856478227703,,,
169,-0.11586432922782386,,,
170,0.9360806502927841,,,
171,-0.13736054490296645,,,
172,-1.4056666208109019,,,
173,-0.9812216875407751,,,
174,-2.8527120220494426,,,
175,-0.7189725867951351,,,
176,-0.26529720564721604,,,
177,-1.1270554657610021,,,
178,-0.7660266473297339,,,
179,-0.0472692977056508,,,
180,0.6081901890219887,,,
181,-1.8212856037240877,,,
182,-2.0426839457567696,,,
183,-2.6634047317737712,,,
184,0.9952770199607137,,,
185,0.5493500710854731,,,
186,0.32154300385560886,,,
187,-1.5187856674750702,,,
188,0.3876355648967307,,,
189,-0.8316907393270339,,,
190,-0.5842294789412867,,,
191,-2.908398200864813,,,
192,-0.2097044734691038,,,
193,-1.8962730961796614,,,
194,-1.5931496130914122,,,
195,-1.7691394489062384,,,
196,-2.8929829370941236,,,
197,-2.814407996165094,,,
198,-2.0369952309638517,,,
199,-2.571779046464052,,,
200,-0.7192647805685226,,,
201,-1.9595312272686347,,,
202,0.22470188274262703,,,
203,0.6372652259627318,,,
204,-2.2098009575593616,,,
205,-0.45013880155589225,,,
206,-2.914030938607406,,,
207,-1.8559431347757935,,,
208,-0.6649492861017214,,,
209,-0.0912704347476394,,,
210,0.35869283554862985,,,
211,-1.9557446014487856,,,
212,0.48850512367813526,,,
213,-0.37692127998623715,,,
214,0.03227704030240286,,,
215,-0.07109494421012252,,,
216,-0.11815953662853484,,,
217,-0.34422142644963394,,,
218,-2.174173030290423,,,
219,-0.9265386932987281,,,
