,startpoints,n_starts,n_par,options
0,0.6066476357287256,10.0,22.0,
1,0.12817124101504485,,,
2,1.722626650599009,,,
3,1.6445544377707453,,,
4,1.9213769862438776,,,
5,1.5731929683481602,,,
6,0.3633805542949855,,,
7,0.7629926415027712,,,
8,1.2797440438725474,,,
9,1.9816089093787914,,,
10,0.15720192204863115,,,
11,0.7660715518110519,,,
12,1.7768229530287478,,,
13,1.6207150773627703,,,
14,0.9151137605207702,,,
15,1.5991444934180616,,,
16,0.13786559213727223,,,
17,0.5669417843083076,,,
18,0.6090982787431563,,,
19,0.9524871236767616,,,
20,0.32814607848608457,,,
21,0.9075184997499881,,,
22,0.3370208587631014,,,
23,1.434257281131603,,,
24,0.6339456957569878,,,
25,1.1554420004284114,,,
26,1.3640927497764184,,,
27,0.31530691607546846,,,
28,0.49706503645197153,,,
29,0.34722772115334366,,,
30,1.2171278787414952,,,
31,1.4431528606037378,,,
32,0.7293998073077193,,,
33,0.7236530506473562,,,
34,0.5614675862451883,,,
35,0.10646487852378939,,,
36,0.7488319834249475,,,
37,0.46905183015113994,,,
38,0.6287502729521619,,,
39,1.4552076844843198,,,
40,0.5630511647413843,,,
41,1.7068036663618587,,,
42,0.7901038774072939,,,
43,0.35016959323428254,,,
44,0.3989837232573339,,,
45,1.687899647151968,,,
46,0.2343899033393786,,,
47,0.7548317955552044,,,
48,1.7567546566404446,,,
49,1.9072525239902285,,,
50,0.5839209432610719,,,
51,0.9271122640310498,,,
52,0.025025847269535495,,,
53,0.8316527552621251,,,
54,1.3013393218621307,,,
55,1.6882765209034258,,,
56,1.2018239427573005,,,
57,0.852519017814988,,,
58,0.2961090038927321,,,
59,1.7108806572215915,,,
60,0.7309104088062259,,,
61,1.356263358040645,,,
62,1.6814059091441187,,,
63,0.3647428752435018,,,
64,1.1883661753381032,,,
65,0.8274602058951601,,,
66,0.15750727607382697,,,
67,1.6845316656609077,,,
68,1.3109735976942842,,,
69,1.2587390001757772,,,
70,1.1186703821692943,,,
71,0.22344328895363286,,,
72,1.564318712040004,,,
73,0.934693730356257,,,
74,0.644475608429818,,,
75,1.3612787025678061,,,
76,1.0917042079051493,,,
77,1.821764424406169,,,
78,0.24852418050262504,,,
79,1.7191881223398622,,,
80,0.03622540990016776,,,
81,1.1675127853766911,,,
82,0.9618199371371241,,,
83,0.88373668430456,,,
84,0.6560370459980831,,,
85,0.4407304303023414,,,
86,1.7512694370084994,,,
87,0.4461231079642085,,,
88,0.08502564770147525,,,
89,1.3104726651490348,,,
90,0.23949100162770165,,,
91,0.9542869591594934,,,
92,0.6885081215872912,,,
93,1.570460128201611,,,
94,1.8129380979611833,,,
95,0.522262156165167,,,
96,1.6767230589546265,,,
97,1.5460638622863456,,,
98,0.6773902489560553,,,
99,0.26507821035863954,,,
100,0.6241108151745691,,,
101,1.2665424908705951,,,
102,1.3001071492035094,,,
103,1.4274707016342851,,,
104,0.07505302441492812,,,
105,0.33196914229122587,,,
106,0.5783300954899213,,,
107,0.9668024111156119,,,
108,1.9341025940387695,,,
109,1.9727780202160687,,,
110,0.3965720559262462,,,
111,1.98400832685201,,,
112,1.1269925264224452,,,
113,1.6357052317534837,,,
114,1.9596458672346464,,,
115,1.301692345869878,,,
116,1.1012241062896988,,,
117,1.275368089947754,,,
118,0.014651857655532563,,,
119,0.5507617866953602,,,
120,1.3401431245417863,,,
121,1.577516467642471,,,
122,0.9897794123602484,,,
123,1.2993324142338625,,,
124,1.3838310173298891,,,
125,0.4966258475473402,,,
126,1.010296387887023,,,
127,0.5044368105522494,,,
128,1.9459934904224943,,,
129,1.9107960938441362,,,
130,0.6802841454506849,,,
131,1.2903942922329348,,,
132,0.03476615186434451,,,
133,0.9906632155476103,,,
134,1.3146720244098433,,,
135,0.24432601254864594,,,
136,0.18192731954174657,,,
137,0.5500297937777294,,,
138,1.9094524078606265,,,
139,0.7717013440083973,,,
140,0.3063174131359414,,,
141,0.4296286202945625,,,
142,1.1726291118584968,,,
143,0.8505106423613085,,,
144,1.358835408898949,,,
145,1.6787954126205222,,,
146,0.13188265926469822,,,
147,0.9642490731781022,,,
148,1.010148708546851,,,
149,0.7905525113507397,,,
150,0.9138189663618901,,,
151,1.8383864687789604,,,
152,1.0340330192741185,,,
153,1.3068861428299303,,,
154,1.0609578518150544,,,
155,1.5078855461470175,,,
156,1.4319590561053195,,,
157,1.0050949072789888,,,
158,1.1496335227536707,,,
159,1.393520342181842,,,
160,1.4812100505050056,,,
161,1.5413148084939698,,,
162,1.5504781359856656,,,
163,1.3622143395696977,,,
164,0.9837581716857855,,,
165,0.8331191283019059,,,
166,0.8067498806142788,,,
167,1.5938157247037024,,,
168,0.9284224468669411,,,
169,1.013000317640451,,,
170,1.6168558696261088,,,
171,1.4047269918806167,,,
172,1.7445726415649343,,,
173,0.13680707548299886,,,
174,0.9808432427870144,,,
175,1.183062906808983,,,
176,1.8127811331981374,,,
177,1.2563195416455983,,,
178,0.5465173069016718,,,
179,1.9611162672888995,,,
180,0.09540806726315032,,,
181,1.136000359412776,,,
182,0.18210350730747193,,,
183,1.9068517669398748,,,
184,1.4102530336854902,,,
185,0.5517751448288406,,,
186,1.5154931589070342,,,
187,1.485058532909253,,,
188,1.4958982258984939,,,
189,0.06666881576504124,,,
190,1.191822494675138,,,
191,0.1969553363312535,,,
192,0.9027335208787379,,,
193,0.6602855013869748,,,
194,0.5744800737192035,,,
195,0.37291267449399457,,,
196,0.9016758771013986,,,
197,0.6981946104977703,,,
198,1.8703676955745074,,,
199,0.3954673819039918,,,
200,0.9153762610881413,,,
201,1.0051782049179487,,,
202,0.307050983453935,,,
203,1.1931356645762963,,,
204,0.1365369672959995,,,
205,0.3628941523109519,,,
206,1.631637240228943,,,
207,0.2677213968902141,,,
208,1.6043218729449988,,,
209,0.5995461270290126,,,
210,1.5114137542627735,,,
211,0.1493917018417572,,,
212,1.491288044485871,,,
213,0.9552760412998813,,,
214,0.8562030229141693,,,
215,0.5779514943928168,,,
216,0.04724243427600516,,,
217,0.6631191599185964,,,
218,1.2081698959454603,,,
219,1.8886359061108204,,,
