,n_start,xs,fval,best_par,nominal_par,par_names,opt_lh,conv_points,comp_time,opt_interval,startpoints,options
0,10.0,0.19375873372478128,-4.341644953337846,0.19375873372478128,0.2,$	heta_1$,-3.686311295170805,4.0,3.097641944885254,0.0,[760.93947484 178.18257334  51.00473385],"MODEL: caro model true, 
SCALE: linear, 
STARTS: 10
CONV POINTS: 4
TIME: 3.097641944885254"
1,,0.1162343034117948,-4.341644871390984,0.1162343034117948,0.1,$	heta_2$,,,,0.0,[116.36782417 262.75163598  70.33062718],
2,,0.11735551171221457,-4.341644836805152,0.11735551171221457,0.15,$\sigma$,,,,1e-05,[402.90682618 361.31467681 841.57819191],
3,,0.19375842932632958,-4.341644826815068,,,,,,,1000.0,[137.40310318 873.27423041 288.23033509],
4,,0.11623523594983208,2.8486774219272117,,,,,,,1000.0,[308.66171879 124.17720957 452.70662963],
5,,0.11735357782894562,4.353368722457089,,,,,,,1000.0,[616.13134965 358.30704817 737.18426729],
6,,0.19375863818741582,4.354235472206089,,,,,,,,[715.02447558 556.12358316  83.11709459],
7,,0.11623458963061455,4.354302744622151,,,,,,,,[477.66874091 584.72265507 324.41249118],
8,,0.1173556684682627,4.354817413553009,,,,,,,,[717.34632778 566.34318404 741.35466336],
9,,0.19375865711208182,4.354830030740022,,,,,,,,[ 15.00228612 894.05210693 968.00802876],
10,,0.11623455784876521,,,,,,,,,,
11,,0.11735581505723618,,,,,,,,,,
12,,0.16634584304988093,,,,,,,,,,
13,,0.49860331297450966,,,,,,,,,,
14,,0.48934590846576453,,,,,,,,,,
15,,0.1584193443758727,,,,,,,,,,
16,,358.1046004207076,,,,,,,,,,
17,,0.4998850605430218,,,,,,,,,,
18,,0.15841544652744244,,,,,,,,,,
19,,555.6776785480139,,,,,,,,,,
20,,0.49995733006067744,,,,,,,,,,
21,,0.15841514383162017,,,,,,,,,,
22,,580.537704182701,,,,,,,,,,
23,,0.49996295555663967,,,,,,,,,,
24,,0.15841280371545155,,,,,,,,,,
25,,882.6448633666191,,,,,,,,,,
26,,0.5000118456008986,,,,,,,,,,
27,,0.15841276645245944,,,,,,,,,,
28,,894.0516881336838,,,,,,,,,,
29,,0.500006636657803,,,,,,,,,,
