,n_start,xs,fval,best_par,nominal_par,par_names,opt_lh,conv_points,comp_time,opt_interval,startpoints,options
0,10.0,0.9301963642138101,249.56877815017756,0.9301963642138101,0.949218639,delta_EL,190.96398661685447,1.0,11.359349966049194,0.0,"[0.16249943 0.90724008 0.88471197 0.54772845 0.1318013  0.82959175
 0.55636578 0.87706236 0.88303556 0.2684186  0.85777743 0.24390339]","MODEL: Crauste model base, 
SCALE: logicle(T=1, end_lin=1e-05)
STARTS: 10
CONV POINTS: 1
TIME: 11.359349966049194"
1,,0.7966593932280124,285.7554722477738,0.7966593932280124,0.7073744279999999,delta_LM,,,,0.0,"[0.8096403  0.19980895 0.65336064 0.6113855  0.43491768 0.1949217
 0.08099758 0.98107337 0.8238358  0.32903898 0.3255452  0.25588467]",
2,,0.5691321803934952,311.1395254410151,0.5691321803934952,0.658101497,delta_NE,,,,0.0,"[0.05902718 0.54290899 0.21801174 0.81329435 0.79048939 0.36066908
 0.36570127 0.03784629 0.33215461 0.32187498 0.679088   0.23382716]",
3,,0.09583390113218775,312.7883510138675,0.09583390113218775,0.20358869300000002,mu_EE,,,,0.0,"[0.04785944 0.30916528 0.45341701 0.85528529 0.98226769 0.3144369
 0.02979981 0.43114312 0.65554782 0.65628701 0.42799222 0.04520439]",
4,,0.0,312.86391490011357,0.0,9.93555179e-07,mu_LE,,,,0.0,"[4.81227377e-04 8.50696153e-01 8.38677025e-01 6.69019499e-02
 4.97938310e-01 3.93496288e-01 9.27640428e-01 2.97428953e-01
 3.09441952e-01 6.17887702e-01 8.50250886e-02 3.19010590e-01]",
5,,0.05083498199144372,5949.948278850114,0.05083498199144372,0.0746416161,mu_LL,,,,0.0,"[0.70927364 0.74161877 0.82675702 0.92539337 0.46506353 0.90581288
 0.00230283 0.47681288 0.73188691 0.44132205 0.86267029 0.98320841]",
6,,1.0,6696.736529714512,1.0,0.97674842,mu_N,,,,0.0,"[0.10715802 0.1811904  0.31429388 0.30250227 0.90969264 0.36541279
 0.7007717  0.35321104 0.44535767 0.40345443 0.4117044  0.73507465]",
7,,0.0,8299.037728573745,0.0,0.08886533939999999,mu_P,,,,0.0,"[0.16274751 0.51774427 0.52148176 0.27422938 0.75393253 0.11432689
 0.19032774 0.25389875 0.0435241  0.08684638 0.82720161 0.63368459]",
8,,4.8545546318581415e-05,8383.520117022075,4.8545546318581415e-05,1.35691652e-06,mu_PE,,,,0.0,"[0.50018869 0.69577095 0.51861229 0.63966484 0.76413777 0.00719733
 0.41465586 0.00836339 0.72858726 0.07503057 0.517504   0.71071419]",
9,,0.18471078964451912,inf,0.18471078964451912,0.19713419199999999,mu_PL,,,,0.0,"[0.61582015 0.31966072 0.38471538 0.67564052 0.28028497 0.64062153
 0.80606477 0.07107816 0.60103222 0.32069806 0.39565181 0.87742211]",
10,,1.0,,1.0,0.9476331440000001,rho_E,,,,0.0,,
11,,0.7732433407003447,,0.7732433407003447,0.8403360790000001,rho_P,,,,0.0,,
12,,0.900681816262271,,,,,,,,1.0,,
13,,0.7304251484641915,,,,,,,,1.0,,
14,,0.80826972940452,,,,,,,,1.0,,
15,,0.00029105856441375116,,,,,,,,1.0,,
16,,8.371481677471282e-05,,,,,,,,1.0,,
17,,0.00039882050627066323,,,,,,,,1.0,,
18,,0.9654808783691138,,,,,,,,1.0,,
19,,0.1212460673402846,,,,,,,,1.0,,
20,,6.785704234341557e-05,,,,,,,,1.0,,
21,,0.0002914292390321819,,,,,,,,1.0,,
22,,0.9082156342691693,,,,,,,,1.0,,
23,,0.4226081227394217,,,,,,,,1.0,,
24,,0.058968552320245525,,,,,,,,,,
25,,0.5429099300243351,,,,,,,,,,
26,,0.8074704872572994,,,,,,,,,,
27,,0.0,,,,,,,,,,
28,,0.7904622914158076,,,,,,,,,,
29,,0.36066908456159263,,,,,,,,,,
30,,0.9819483349888968,,,,,,,,,,
31,,0.03620405148972596,,,,,,,,,,
32,,0.09889334486749438,,,,,,,,,,
33,,0.32187471705427323,,,,,,,,,,
34,,0.8151232185415757,,,,,,,,,,
35,,0.2438062300676611,,,,,,,,,,
36,,0.04385623834238625,,,,,,,,,,
37,,0.3091652971593024,,,,,,,,,,
38,,0.8028351729102001,,,,,,,,,,
39,,0.0,,,,,,,,,,
40,,0.9823817670357395,,,,,,,,,,
41,,0.31443689837195676,,,,,,,,,,
42,,0.9721679671672684,,,,,,,,,,
43,,0.030800515679215313,,,,,,,,,,
44,,0.0,,,,,,,,,,
45,,0.65614894630753,,,,,,,,,,
46,,0.5891212292957235,,,,,,,,,,
47,,0.06288508494842791,,,,,,,,,,
48,,0.0014370007568325935,,,,,,,,,,
49,,0.8507065271396428,,,,,,,,,,
50,,0.7945927072742642,,,,,,,,,,
51,,0.0,,,,,,,,,,
52,,0.49792432839870665,,,,,,,,,,
53,,0.3934962878490679,,,,,,,,,,
54,,0.970686536141678,,,,,,,,,,
55,,0.2950519435472272,,,,,,,,,,
56,,0.0,,,,,,,,,,
57,,0.6178841279658341,,,,,,,,,,
58,,0.08561287187681728,,,,,,,,,,
59,,0.3213972745879019,,,,,,,,,,
60,,0.7092736354234698,,,,,,,,,,
61,,0.7416187702774893,,,,,,,,,,
62,,0.8267570219228482,,,,,,,,,,
63,,0.9253933742886845,,,,,,,,,,
64,,0.465063532109361,,,,,,,,,,
65,,0.9058128754339857,,,,,,,,,,
66,,0.002302829932165684,,,,,,,,,,
67,,0.47681288316245996,,,,,,,,,,
68,,0.731886911258694,,,,,,,,,,
69,,0.4413220463618476,,,,,,,,,,
70,,0.8626702941218026,,,,,,,,,,
71,,0.983208410969785,,,,,,,,,,
72,,0.1071580217877881,,,,,,,,,,
73,,0.18119039882981391,,,,,,,,,,
74,,0.31429387645736717,,,,,,,,,,
75,,0.3025022721671702,,,,,,,,,,
76,,0.9096926365621089,,,,,,,,,,
77,,0.36541278845577296,,,,,,,,,,
78,,0.7007717028563997,,,,,,,,,,
79,,0.3532110420891592,,,,,,,,,,
80,,0.4453576696693664,,,,,,,,,,
81,,0.40345442854169633,,,,,,,,,,
82,,0.4117043964271281,,,,,,,,,,
83,,0.7350746457548912,,,,,,,,,,
84,,0.16274750997669107,,,,,,,,,,
85,,0.517744271598195,,,,,,,,,,
86,,0.5214817598334236,,,,,,,,,,
87,,0.2742293803677751,,,,,,,,,,
88,,0.7539325319438491,,,,,,,,,,
89,,0.11432689064037316,,,,,,,,,,
90,,0.1903277426219434,,,,,,,,,,
91,,0.2538987549798096,,,,,,,,,,
92,,0.04352409759149778,,,,,,,,,,
93,,0.08684637913914206,,,,,,,,,,
94,,0.827201608083887,,,,,,,,,,
95,,0.6336845927897722,,,,,,,,,,
96,,0.5001886861032434,,,,,,,,,,
97,,0.695770946990325,,,,,,,,,,
98,,0.5186122939024099,,,,,,,,,,
99,,0.6396648358341058,,,,,,,,,,
100,,0.7641377731806194,,,,,,,,,,
101,,0.007197327652083585,,,,,,,,,,
102,,0.4146558597810609,,,,,,,,,,
103,,0.008363394464705576,,,,,,,,,,
104,,0.7285872615725625,,,,,,,,,,
105,,0.07503057160207627,,,,,,,,,,
106,,0.517503996041239,,,,,,,,,,
107,,0.7107141876150214,,,,,,,,,,
108,,0.0,,,,,,,,,,
109,,0.0,,,,,,,,,,
110,,0.0,,,,,,,,,,
111,,0.0,,,,,,,,,,
112,,0.0,,,,,,,,,,
113,,0.0,,,,,,,,,,
114,,0.0,,,,,,,,,,
115,,0.0,,,,,,,,,,
116,,0.0,,,,,,,,,,
117,,0.0,,,,,,,,,,
118,,0.0,,,,,,,,,,
119,,0.0,,,,,,,,,,
