,reg_path,lambdas,sigma,par_names,conv_points,n_starts,options
0,0.14380494252319043,-0.0,1.0,$\xi_1$,404.0,1000.0,"MODEL: caro model,
SCALE: log(k+1)
#LAMBDA: 100
STARTS: 1000
TIME: 1253.228681564331"
1,0.1427683792936025,0.02020202020202011,,$\xi_2$,417.0,,
2,0.14173401987009707,0.04040404040404022,,$\xi_3$,420.0,,
3,0.14070666799529277,0.06060606060606055,,,422.0,,
4,0.1396803301611181,0.08080808080808066,,,153.0,,
5,0.13866679418956498,0.10101010101010077,,,167.0,,
6,0.13763217797005187,0.1212121212121211,,,196.0,,
7,0.13662572371658258,0.14141414141414121,,,198.0,,
8,0.13559882737338488,0.16161616161616155,,,169.0,,
9,0.13459359871645352,0.18181818181818166,,,155.0,,
10,0.13359043556343528,0.20202020202020177,,,139.0,,
11,0.13261106789863508,0.2222222222222221,,,153.0,,
12,0.13159953159176557,0.2424242424242422,,,171.0,,
13,0.13060478281090532,0.26262626262626254,,,178.0,,
14,0.12963421828515526,0.28282828282828265,,,182.0,,
15,0.12864864185734182,0.303030303030303,,,170.0,,
16,0.12765557069509467,0.3232323232323231,,,162.0,,
17,0.126716533430537,0.3434343434343432,,,171.0,,
18,0.12574767347447152,0.36363636363636354,,,175.0,,
19,0.12480848760881069,0.38383838383838365,,,190.0,,
20,0.12385719951793728,0.404040404040404,,,191.0,,
21,0.12291639991901482,0.4242424242424241,,,198.0,,
22,0.12200796268512537,0.4444444444444444,,,196.0,,
23,0.1210700532398072,0.46464646464646453,,,205.0,,
24,0.120135803083567,0.48484848484848464,,,205.0,,
25,0.11924293823931348,0.505050505050505,,,205.0,,
26,0.11833392450046575,0.5252525252525251,,,206.0,,
27,0.11744660897086283,0.5454545454545454,,,217.0,,
28,0.11656290384685458,0.5656565656565655,,,226.0,,
29,0.11567995128691545,0.5858585858585856,,,235.0,,
30,0.11481863740892517,0.606060606060606,,,248.0,,
31,0.11394498659527477,0.6262626262626261,,,244.0,,
32,0.1130942928094555,0.6464646464646464,,,261.0,,
33,0.11226117504718242,0.6666666666666665,,,264.0,,
34,0.1114348027559955,0.6868686868686869,,,274.0,,
35,0.11061095500111873,0.707070707070707,,,280.0,,
36,0.10979599365510917,0.7272727272727271,,,293.0,,
37,0.1089933579797329,0.7474747474747474,,,298.0,,
38,0.10820635703888912,0.7676767676767675,,,309.0,,
39,0.1074031948221195,0.7878787878787878,,,311.0,,
40,0.10663372699468625,0.808080808080808,,,332.0,,
41,0.10586404787823224,0.8282828282828283,,,339.0,,
42,0.10510853892319146,0.8484848484848484,,,351.0,,
43,0.10435756818952382,0.8686868686868685,,,363.0,,
44,0.10361875281905009,0.8888888888888888,,,368.0,,
45,0.10288835676042585,0.909090909090909,,,370.0,,
46,0.10217209914626979,0.9292929292929293,,,379.0,,
47,0.10145846695934681,0.9494949494949494,,,391.0,,
48,0.10076563581153307,0.9696969696969695,,,396.0,,
49,0.100077688712016,0.9898989898989898,,,387.0,,
50,0.09939971951775176,1.01010101010101,,,394.0,,
51,0.0987316917603512,1.0303030303030303,,,411.0,,
52,0.09807474104158477,1.0505050505050504,,,417.0,,
53,0.09742726060430637,1.0707070707070705,,,431.0,,
54,0.09679165348852505,1.0909090909090908,,,439.0,,
55,0.09616475946694863,1.1111111111111112,,,442.0,,
56,0.09554706667177319,1.1313131313131313,,,443.0,,
57,0.0949506274999558,1.1515151515151514,,,441.0,,
58,0.09435376918579166,1.1717171717171717,,,446.0,,
59,0.09377729872502108,1.1919191919191918,,,450.0,,
60,0.09319440622904131,1.212121212121212,,,450.0,,
61,0.09262697033628739,1.2323232323232323,,,459.0,,
62,0.09207677045620301,1.2525252525252526,,,462.0,,
63,0.09153599306798542,1.2727272727272727,,,463.0,,
64,0.09100538995167663,1.2929292929292928,,,464.0,,
65,0.09048037493024925,1.3131313131313131,,,466.0,,
66,0.08997002973156493,1.3333333333333333,,,468.0,,
67,0.08947291534712436,1.3535353535353534,,,468.0,,
68,0.08898281096965086,1.3737373737373737,,,468.0,,
69,0.08850754790856613,1.393939393939394,,,468.0,,
70,0.0880323296866551,1.4141414141414141,,,468.0,,
71,0.08757589483812499,1.4343434343434343,,,469.0,,
72,0.08712322653348191,1.4545454545454546,,,469.0,,
73,0.08668334692442206,1.4747474747474747,,,469.0,,
74,0.08625487291419626,1.4949494949494948,,,469.0,,
75,0.08582881177944461,1.5151515151515151,,,469.0,,
76,0.08541466429590357,1.5353535353535352,,,469.0,,
77,0.08501213967059934,1.5555555555555556,,,469.0,,
78,0.08461834567911834,1.5757575757575757,,,469.0,,
79,0.08423196984943819,1.595959595959596,,,469.0,,
80,0.0838576050159037,1.6161616161616161,,,469.0,,
81,0.08349261108887956,1.6363636363636362,,,469.0,,
82,0.08312594103692407,1.6565656565656566,,,469.0,,
83,0.0828196830050547,1.6767676767676767,,,469.0,,
84,0.08283334045062123,1.696969696969697,,,469.0,,
85,0.08284712122181966,1.7171717171717171,,,469.0,,
86,0.08286079974408639,1.7373737373737375,,,469.0,,
87,0.0828756886184639,1.7575757575757576,,,469.0,,
88,0.08289062201404573,1.7777777777777777,,,469.0,,
89,0.08290667021881938,1.797979797979798,,,469.0,,
90,0.08292313699264281,1.8181818181818181,,,469.0,,
91,0.08294023909811428,1.8383838383838385,,,469.0,,
92,0.0829559394328613,1.8585858585858586,,,469.0,,
93,0.08297583750463189,1.878787878787879,,,469.0,,
94,0.0,1.898989898989899,,,517.0,,
95,0.0,1.9191919191919191,,,517.0,,
96,0.0,1.9393939393939394,,,517.0,,
97,0.0,1.9595959595959596,,,539.0,,
98,0.0,1.97979797979798,,,555.0,,
99,0.0,2.0,,,570.0,,
100,0.01495682926458236,,,,,,
101,0.015114662365028753,,,,,,
102,0.015275153764030236,,,,,,
103,0.015437534323235953,,,,,,
104,0.015602904570121597,,,,,,
105,0.015769311910020036,,,,,,
106,0.015942542336635154,,,,,,
107,0.016114254945501172,,,,,,
108,0.016293144937761368,,,,,,
109,0.016471642358007802,,,,,,
110,0.016653328311664477,,,,,,
111,0.016834236036296885,,,,,,
112,0.017024868528154977,,,,,,
113,0.017216159328290088,,,,,,
114,0.01740640999109218,,,,,,
115,0.017604025224514822,,,,,,
116,0.017807085092349132,,,,,,
117,0.018002964557387913,,,,,,
118,0.01820926749791849,,,,,,
119,0.01841370796036343,,,,,,
120,0.018624734771504357,,,,,,
121,0.018837955867711625,,,,,,
122,0.01904825563369036,,,,,,
123,0.019269684574538128,,,,,,
124,0.019495210556482588,,,,,,
125,0.019715227416012206,,,,,,
126,0.01994409696994847,,,,,,
127,0.020172176777903797,,,,,,
128,0.020404231255380725,,,,,,
129,0.02064097693759411,,,,,,
130,0.020877028098682394,,,,,,
131,0.02112157873637824,,,,,,
132,0.021364880655182283,,,,,,
133,0.021608100157860546,,,,,,
134,0.021854666346504167,,,,,,
135,0.02210568616130303,,,,,,
136,0.022359359598490842,,,,,,
137,0.022614463330408632,,,,,,
138,0.022869618498727002,,,,,,
139,0.02313633950347557,,,,,,
140,0.023397089169335528,,,,,,
141,0.023663400832276516,,,,,,
142,0.023930404415743334,,,,,,
143,0.024201317395598398,,,,,,
144,0.02447357459722649,,,,,,
145,0.024748463540203672,,,,,,
146,0.025023470950600524,,,,,,
147,0.025303555188862438,,,,,,
148,0.02558060904295793,,,,,,
149,0.02586178026514865,,,,,,
150,0.026144170088070514,,,,,,
151,0.026428244829295632,,,,,,
152,0.02671322021480018,,,,,,
153,0.026999731331858488,,,,,,
154,0.02728644295162639,,,,,,
155,0.027574948802695468,,,,,,
156,0.0278644106073438,,,,,,
157,0.028148937207011008,,,,,,
158,0.02843947580843537,,,,,,
159,0.028725238431457703,,,,,,
160,0.02901954506678621,,,,,,
161,0.029310811384045298,,,,,,
162,0.02959840681309213,,,,,,
163,0.02988580978607098,,,,,,
164,0.03017245744038507,,,,,,
165,0.030460824484907015,,,,,,
166,0.030745472901442875,,,,,,
167,0.031027077055919613,,,,,,
168,0.03130865827867605,,,,,,
169,0.03158528850459073,,,,,,
170,0.03186640086718014,,,,,,
171,0.032139008743509445,,,,,,
172,0.03241408901994926,,,,,,
173,0.03268340466778005,,,,,,
174,0.03294891009230829,,,,,,
175,0.03321563136157505,,,,,,
176,0.03347775287929173,,,,,,
177,0.03373400206274736,,,,,,
178,0.033986948555239614,,,,,,
179,0.034236653903580744,,,,,,
180,0.03447895695739874,,,,,,
181,0.03471564258779974,,,,,,
182,0.034956627120122416,,,,,,
183,0.0351550432573346,,,,,,
184,0.03512663056624721,,,,,,
185,0.03509768163686753,,,,,,
186,0.03506871666893023,,,,,,
187,0.03503753203583592,,,,,,
188,0.03500595125940701,,,,,,
189,0.034972261235578464,,,,,,
190,0.03493765454923838,,,,,,
191,0.03490167187690511,,,,,,
192,0.03486749773508212,,,,,,
193,0.034826113565054315,,,,,,
194,0.0,,,,,,
195,0.0,,,,,,
196,0.0,,,,,,
197,0.0,,,,,,
198,0.0,,,,,,
199,0.0,,,,,,
200,0.0005696960945681269,,,,,,
201,0.0005699555196506086,,,,,,
202,0.0005701192090389924,,,,,,
203,0.0005701769663979257,,,,,,
204,0.0005701324108144022,,,,,,
205,0.0005699768399108984,,,,,,
206,0.0005697106003879068,,,,,,
207,0.0005693242261050687,,,,,,
208,0.0005688228842868145,,,,,,
209,0.0005681955844111401,,,,,,
210,0.000567437663585024,,,,,,
211,0.0005665644495599346,,,,,,
212,0.0005655182529032488,,,,,,
213,0.000564330210239546,,,,,,
214,0.000563016455455436,,,,,,
215,0.0005615552783248731,,,,,,
216,0.0005598879718671797,,,,,,
217,0.0005581491706513337,,,,,,
218,0.0005561765549661709,,,,,,
219,0.0005541117986721432,,,,,,
220,0.0005517944231421043,,,,,,
221,0.0005493240575167825,,,,,,
222,0.000546753820911087,,,,,,
223,0.000543871111397019,,,,,,
224,0.0005407978724012528,,,,,,
225,0.0005376377037898129,,,,,,
226,0.0005342045135103482,,,,,,
227,0.0005306166442839419,,,,,,
228,0.0005268124964304511,,,,,,
229,0.0005227648098355337,,,,,,
230,0.0005185732925068327,,,,,,
231,0.0005140609774577648,,,,,,
232,0.0005094013621790124,,,,,,
233,0.0005045668350878544,,,,,,
234,0.0004995261931299187,,,,,,
235,0.0004942110947085685,,,,,,
236,0.000488669979032862,,,,,,
237,0.00048291751266253685,,,,,,
238,0.0004769634870927255,,,,,,
239,0.00047062722308966853,,,,,,
240,0.0004642348447339094,,,,,,
241,0.000457521302194225,,,,,,
242,0.00045061771554746796,,,,,,
243,0.00044341947021634163,,,,,,
244,0.0004360135766392702,,,,,,
245,0.00042836108099996594,,,,,,
246,0.00042050688989246437,,,,,,
247,0.0004123563887046009,,,,,,
248,0.0004040655079378084,,,,,,
249,0.00039550727619956,,,,,,
250,0.0003866981396695076,,,,,,
251,0.000377665368364538,,,,,,
252,0.0003684202580878512,,,,,,
253,0.0003589421033455211,,,,,,
254,0.0003492626537603556,,,,,,
255,0.000339354846207619,,,,,,
256,0.0003292007748965656,,,,,,
257,0.00031901261104914593,,,,,,
258,0.0003084570110348861,,,,,,
259,0.000297889689198519,,,,,,
260,0.0002868203807091707,,,,,,
261,0.00027563362208012847,,,,,,
262,0.000264417882741166,,,,,,
263,0.00025300564137804637,,,,,,
264,0.0002414214126973385,,,,,,
265,0.00022957181728788928,,,,,,
266,0.00021767020419735688,,,,,,
267,0.00020569921355409468,,,,,,
268,0.00019350747563654723,,,,,,
269,0.00018129125425097301,,,,,,
270,0.0001687292961903783,,,,,,
271,0.00015624418320502558,,,,,,
272,0.00014353792467868592,,,,,,
273,0.00013076799976685763,,,,,,
274,0.00011797415406225566,,,,,,
275,0.00010486582764959067,,,,,,
276,9.17687366532466e-05,,,,,,
277,7.864355815348276e-05,,,,,,
278,6.544905498348389e-05,,,,,,
279,5.2127708770326586e-05,,,,,,
280,3.883431763784968e-05,,,,,,
281,2.550025231279413e-05,,,,,,
282,1.1811469128171545e-05,,,,,,
283,3.2671645993128025e-10,,,,,,
284,6.08604518042486e-10,,,,,,
285,0.0,,,,,,
286,0.0,,,,,,
287,0.0,,,,,,
288,0.0,,,,,,
289,0.0,,,,,,
290,0.0,,,,,,
291,0.0,,,,,,
292,0.0,,,,,,
293,0.0,,,,,,
294,0.0,,,,,,
295,0.0,,,,,,
296,0.0,,,,,,
297,0.0,,,,,,
298,0.0,,,,,,
299,0.0,,,,,,
