,n_start,xs,fval,best_par,nominal_par,par_names,opt_lh,conv_points,comp_time,opt_interval,startpoints,options
0,10.0,0.6173207323089437,317.6333636993685,0.6173207323089437,0.181256315,delta_EL,190.96640759053722,1.0,6.524706125259399,0.0,"[0.60664764 0.12817124 1.72262665 1.64455444 1.92137699 1.57319297
 0.36338055 0.76299264 1.27974404 1.98160891 0.15720192 0.76607155
 1.77682295 1.62071508 0.91511376 1.59914449 0.13786559 0.56694178
 0.60909828 0.95248712 0.32814608 0.9075185 ]","MODEL: Crauste model comprehensive, 
SCALE: log(x + 1)
STARTS: 10
CONV POINTS: 1
TIME: 6.524706125259399"
1,,0.12671826420144172,317.6336306830127,0.12671826420144172,0.009697564740000001,delta_LM,,,,0.0,"[0.33702086 1.43425728 0.6339457  1.155442   1.36409275 0.31530692
 0.49706504 0.34722772 1.21712788 1.44315286 0.72939981 0.72365305
 0.56146759 0.10646488 0.74883198 0.46905183 0.62875027 1.45520768
 0.56305116 1.70680367 0.79010388 0.35016959]",
2,,0.0,317.63424662955606,0.0,0.00515080856,delta_NE,,,,0.0,"[0.39898372 1.68789965 0.2343899  0.7548318  1.75675466 1.90725252
 0.58392094 0.92711226 0.02502585 0.83165276 1.30133932 1.68827652
 1.20182394 0.85251902 0.296109   1.71088066 0.73091041 1.35626336
 1.68140591 0.36474288 1.18836618 0.82746021]",
3,,1.744394077183748,319.50973497019095,1.744394077183748,1.69961868e-05,mu_EE,,,,0.0,"[0.15750728 1.68453167 1.3109736  1.258739   1.11867038 0.22344329
 1.56431871 0.93469373 0.64447561 1.3612787  1.09170421 1.82176442
 0.24852418 1.71918812 0.03622541 1.16751279 0.96181994 0.88373668
 0.65603705 0.44073043 1.75126944 0.44612311]",
4,,0.0,319.50973497098187,0.0,4.34294518e-11,mu_LE,,,,0.0,"[0.08502565 1.31047267 0.239491   0.95428696 0.68850812 1.57046013
 1.8129381  0.52226216 1.67672306 1.54606386 0.67739025 0.26507821
 0.62411082 1.26654249 1.30010715 1.4274707  0.07505302 0.33196914
 0.5783301  0.96680241 1.93410259 1.97277802]",
5,,1.1182889243308776,319.50973497098596,1.1182889243308776,3.52437287e-06,mu_LL,,,,0.0,"[0.39657206 1.98400833 1.12699253 1.63570523 1.95964587 1.30169235
 1.10122411 1.27536809 0.01465186 0.55076179 1.34014312 1.57751647
 0.98977941 1.29933241 1.38383102 0.49662585 1.01029639 0.50443681
 1.94599349 1.91079609 0.68028415 1.29039429]",
6,,0.24549537738747926,319.5097349709862,0.24549537738747926,0.240526112,mu_N,,,,0.0,"[0.03476615 0.99066322 1.31467202 0.24432601 0.18192732 0.55002979
 1.90945241 0.77170134 0.30631741 0.42962862 1.17262911 0.85051064
 1.35883541 1.67879541 0.13188266 0.96424907 1.01014871 0.79055251
 0.91381897 1.83838647 1.03403302 1.30688614]",
7,,0.7820743981753214,319.5097349709862,0.7820743981753214,4.342923230000001e-06,mu_P,,,,0.0,"[1.06095785 1.50788555 1.43195906 1.00509491 1.14963352 1.39352034
 1.48121005 1.54131481 1.55047814 1.36221434 0.98375817 0.83311913
 0.80674988 1.59381572 0.92842245 1.01300032 1.61685587 1.40472699
 1.74457264 0.13680708 0.98084324 1.18306291]",
8,,2.0,325.85264350113846,2.0,6.13435703e-11,mu_PE,,,,0.0,"[1.81278113 1.25631954 0.54651731 1.96111627 0.09540807 1.13600036
 0.18210351 1.90685177 1.41025303 0.55177514 1.51549316 1.48505853
 1.49589823 0.06666882 1.19182249 0.19695534 0.90273352 0.6602855
 0.57448007 0.37291267 0.90167588 0.69819461]",
9,,2.0,399.2044824906385,2.0,1.57821086e-05,mu_PL,,,,0.0,"[1.8703677  0.39546738 0.91537626 1.0051782  0.30705098 1.19313566
 0.13653697 0.36289415 1.63163724 0.2677214  1.60432187 0.59954613
 1.51141375 0.1493917  1.49128804 0.95527604 0.85620302 0.57795149
 0.04724243 0.66311916 1.2081699  1.88863591]",
10,,0.15715225841977393,,0.15715225841977393,0.178233035,rho_E,,,,0.0,,
11,,0.7621967705183534,,0.7621967705183534,0.0516858128,rho_P,,,,0.0,,
12,,0.0,,0.0,0.0,delta_NM,,,,0.0,,
13,,0.0,,0.0,0.0,delta_NL,,,,0.0,,
14,,0.9153484073316333,,0.9153484073316333,0.0,delta_EM,,,,0.0,,
15,,1.6206223122529642,,1.6206223122529642,0.0,delta_ME,,,,0.0,,
16,,0.1364050807132037,,0.1364050807132037,0.0,delta_LE,,,,0.0,,
17,,0.6264184038449641,,0.6264184038449641,0.0,delta_ML,,,,0.0,,
18,,0.6086052077532017,,0.6086052077532017,0.0,mu_E,,,,0.0,,
19,,0.9472034987256727,,0.9472034987256727,0.0,mu_M,,,,0.0,,
20,,0.3247304745757175,,0.3247304745757175,0.0,mu_L,,,,0.0,,
21,,0.9216941285793799,,0.9216941285793799,0.0,mu_EL,,,,0.0,,
22,,0.3398678537847292,,,,,,,,2.0,,
23,,1.424251258958943,,,,,,,,2.0,,
24,,0.2948589718704204,,,,,,,,2.0,,
25,,0.8613975732484918,,,,,,,,2.0,,
26,,1.2312542208105677,,,,,,,,2.0,,
27,,0.31300441786813826,,,,,,,,2.0,,
28,,0.24538376296158845,,,,,,,,2.0,,
29,,0.35700466944556214,,,,,,,,2.0,,
30,,2.0,,,,,,,,2.0,,
31,,1.652143100953373,,,,,,,,2.0,,
32,,0.7313173179245833,,,,,,,,2.0,,
33,,0.7165477598892969,,,,,,,,2.0,,
34,,0.0,,,,,,,,2.0,,
35,,0.2305884065791716,,,,,,,,2.0,,
36,,0.7449114450603928,,,,,,,,2.0,,
37,,0.47146428255546924,,,,,,,,2.0,,
38,,0.6275737937849271,,,,,,,,2.0,,
39,,1.5434545718497168,,,,,,,,2.0,,
40,,0.5589469156512927,,,,,,,,2.0,,
41,,1.6719559068307384,,,,,,,,2.0,,
42,,0.7871266442362043,,,,,,,,2.0,,
43,,0.34482513288436617,,,,,,,,2.0,,
44,,0.40865128297892883,,,,,,,,,,
45,,1.6675201913551037,,,,,,,,,,
46,,0.0,,,,,,,,,,
47,,0.9541095013284153,,,,,,,,,,
48,,0.9433241542247386,,,,,,,,,,
49,,1.5802431647784818,,,,,,,,,,
50,,0.24512712698720873,,,,,,,,,,
51,,1.2395563494116282,,,,,,,,,,
52,,1.7384570074186378,,,,,,,,,,
53,,2.0,,,,,,,,,,
54,,1.2954261752945637,,,,,,,,,,
55,,1.2114341804274762,,,,,,,,,,
56,,0.3039217890595452,,,,,,,,,,
57,,1.229678220798672,,,,,,,,,,
58,,0.2986085677093003,,,,,,,,,,
59,,1.3281194478812386,,,,,,,,,,
60,,0.72704470820353,,,,,,,,,,
61,,1.6993717870881313,,,,,,,,,,
62,,1.7198992827538222,,,,,,,,,,
63,,0.3593597517901861,,,,,,,,,,
64,,1.1810689340106495,,,,,,,,,,
65,,0.8676381953356321,,,,,,,,,,
66,,0.15750727144289217,,,,,,,,,,
67,,1.6845316667927654,,,,,,,,,,
68,,1.310973597577893,,,,,,,,,,
69,,1.258738998791962,,,,,,,,,,
70,,1.118670381850144,,,,,,,,,,
71,,0.2234432888527272,,,,,,,,,,
72,,1.5643187120373023,,,,,,,,,,
73,,0.9346937303556246,,,,,,,,,,
74,,0.6444756084206232,,,,,,,,,,
75,,1.3612787024329374,,,,,,,,,,
76,,1.0917042079048638,,,,,,,,,,
77,,1.8217644244082922,,,,,,,,,,
78,,0.2485241805841415,,,,,,,,,,
79,,1.7191881225053414,,,,,,,,,,
80,,0.03622540946903171,,,,,,,,,,
81,,1.167512784201177,,,,,,,,,,
82,,0.9618199372570679,,,,,,,,,,
83,,0.8837366834302606,,,,,,,,,,
84,,0.6560370174009267,,,,,,,,,,
85,,0.4407304296946883,,,,,,,,,,
86,,1.7512694358539713,,,,,,,,,,
87,,0.4461231080235008,,,,,,,,,,
88,,0.08502564770147525,,,,,,,,,,
89,,1.3104726651490348,,,,,,,,,,
90,,0.23949100162770165,,,,,,,,,,
91,,0.9542869591594934,,,,,,,,,,
92,,0.6885081215872912,,,,,,,,,,
93,,1.570460128201611,,,,,,,,,,
94,,1.8129380979611833,,,,,,,,,,
95,,0.522262156165167,,,,,,,,,,
96,,1.6767230589546265,,,,,,,,,,
97,,1.5460638622863456,,,,,,,,,,
98,,0.6773902489560553,,,,,,,,,,
99,,0.26507821035863954,,,,,,,,,,
100,,0.6241108151745691,,,,,,,,,,
101,,1.2665424908705951,,,,,,,,,,
102,,1.3001071492035094,,,,,,,,,,
103,,1.4274707016342851,,,,,,,,,,
104,,0.07505302441492812,,,,,,,,,,
105,,0.33196914229122587,,,,,,,,,,
106,,0.5783300954899213,,,,,,,,,,
107,,0.9668024111156119,,,,,,,,,,
108,,1.9341025940387695,,,,,,,,,,
109,,1.9727780202160687,,,,,,,,,,
110,,0.3965720559262462,,,,,,,,,,
111,,1.98400832685201,,,,,,,,,,
112,,1.1269925264224452,,,,,,,,,,
113,,1.6357052317534837,,,,,,,,,,
114,,1.9596458672346464,,,,,,,,,,
115,,1.301692345869878,,,,,,,,,,
116,,1.1012241062896988,,,,,,,,,,
117,,1.275368089947754,,,,,,,,,,
118,,0.014651857655532563,,,,,,,,,,
119,,0.5507617866953602,,,,,,,,,,
120,,1.3401431245417863,,,,,,,,,,
121,,1.577516467642471,,,,,,,,,,
122,,0.9897794123602484,,,,,,,,,,
123,,1.2993324142338625,,,,,,,,,,
124,,1.3838310173298891,,,,,,,,,,
125,,0.4966258475473402,,,,,,,,,,
126,,1.010296387887023,,,,,,,,,,
127,,0.5044368105522494,,,,,,,,,,
128,,1.9459934904224943,,,,,,,,,,
129,,1.9107960938441362,,,,,,,,,,
130,,0.6802841454506849,,,,,,,,,,
131,,1.2903942922329348,,,,,,,,,,
132,,0.03476615186434451,,,,,,,,,,
133,,0.9906632155476103,,,,,,,,,,
134,,1.3146720244098433,,,,,,,,,,
135,,0.24432601254864594,,,,,,,,,,
136,,0.18192731954174657,,,,,,,,,,
137,,0.5500297937777294,,,,,,,,,,
138,,1.9094524078606265,,,,,,,,,,
139,,0.7717013440083973,,,,,,,,,,
140,,0.3063174131359414,,,,,,,,,,
141,,0.4296286202945625,,,,,,,,,,
142,,1.1726291118584968,,,,,,,,,,
143,,0.8505106423613085,,,,,,,,,,
144,,1.358835408898949,,,,,,,,,,
145,,1.6787954126205222,,,,,,,,,,
146,,0.13188265926469822,,,,,,,,,,
147,,0.9642490731781022,,,,,,,,,,
148,,1.010148708546851,,,,,,,,,,
149,,0.7905525113507397,,,,,,,,,,
150,,0.9138189663618901,,,,,,,,,,
151,,1.8383864687789604,,,,,,,,,,
152,,1.0340330192741185,,,,,,,,,,
153,,1.3068861428299303,,,,,,,,,,
154,,1.0609578518150544,,,,,,,,,,
155,,1.5078855461470175,,,,,,,,,,
156,,1.4319590561053195,,,,,,,,,,
157,,1.0050949072789888,,,,,,,,,,
158,,1.1496335227536707,,,,,,,,,,
159,,1.393520342181842,,,,,,,,,,
160,,1.4812100505050056,,,,,,,,,,
161,,1.5413148084939698,,,,,,,,,,
162,,1.5504781359856656,,,,,,,,,,
163,,1.3622143395696977,,,,,,,,,,
164,,0.9837581716857855,,,,,,,,,,
165,,0.8331191283019059,,,,,,,,,,
166,,0.8067498806142788,,,,,,,,,,
167,,1.5938157247037024,,,,,,,,,,
168,,0.9284224468669411,,,,,,,,,,
169,,1.013000317640451,,,,,,,,,,
170,,1.6168558696261088,,,,,,,,,,
171,,1.4047269918806167,,,,,,,,,,
172,,1.7445726415649343,,,,,,,,,,
173,,0.13680707548299886,,,,,,,,,,
174,,0.9808432427870144,,,,,,,,,,
175,,1.183062906808983,,,,,,,,,,
176,,1.8127811331981374,,,,,,,,,,
177,,1.2563195416455983,,,,,,,,,,
178,,0.5465173069016718,,,,,,,,,,
179,,1.9611162672888995,,,,,,,,,,
180,,0.09540806726315032,,,,,,,,,,
181,,1.136000359412776,,,,,,,,,,
182,,0.18210350730747193,,,,,,,,,,
183,,1.9068517669398748,,,,,,,,,,
184,,1.4102530336854902,,,,,,,,,,
185,,0.5517751448288406,,,,,,,,,,
186,,1.5154931589070342,,,,,,,,,,
187,,1.485058532909253,,,,,,,,,,
188,,1.4958982258984939,,,,,,,,,,
189,,0.06666881576504124,,,,,,,,,,
190,,1.191822494675138,,,,,,,,,,
191,,0.1969553363312535,,,,,,,,,,
192,,0.9027335208787379,,,,,,,,,,
193,,0.6602855013869748,,,,,,,,,,
194,,0.5744800737192035,,,,,,,,,,
195,,0.37291267449399457,,,,,,,,,,
196,,0.9016758771013986,,,,,,,,,,
197,,0.6981946104977703,,,,,,,,,,
198,,1.8703676955745074,,,,,,,,,,
199,,0.3954673819039918,,,,,,,,,,
200,,0.9153762610881413,,,,,,,,,,
201,,1.0051782049179487,,,,,,,,,,
202,,0.307050983453935,,,,,,,,,,
203,,1.1931356645762963,,,,,,,,,,
204,,0.1365369672959995,,,,,,,,,,
205,,0.3628941523109519,,,,,,,,,,
206,,1.631637240228943,,,,,,,,,,
207,,0.2677213968902141,,,,,,,,,,
208,,1.6043218729449988,,,,,,,,,,
209,,0.5995461270290126,,,,,,,,,,
210,,1.5114137542627735,,,,,,,,,,
211,,0.1493917018417572,,,,,,,,,,
212,,1.491288044485871,,,,,,,,,,
213,,0.9552760412998813,,,,,,,,,,
214,,0.8562030229141693,,,,,,,,,,
215,,0.5779514943928168,,,,,,,,,,
216,,0.04724243427600516,,,,,,,,,,
217,,0.6631191599185964,,,,,,,,,,
218,,1.2081698959454603,,,,,,,,,,
219,,1.8886359061108204,,,,,,,,,,
