,startpoints,n_starts,n_par,options
0,19.043101934539173,10.0,4.0,
1,181.28673456876055,,,
2,973.595063600366,,,
3,389.04843557725854,,,
4,85.2019057952611,,,
5,971.6589013950867,,,
6,878.5323266085146,,,
7,832.2043952398888,,,
8,956.3956838893274,,,
9,11.654752087724262,,,
10,84.7993760081771,,,
11,904.31461824762,,,
12,464.5683568815581,,,
13,596.2178058725697,,,
14,860.9916412939962,,,
15,105.44117021747958,,,
16,769.4960902425889,,,
17,108.74793632573643,,,
18,601.3594579031359,,,
19,403.83525074952354,,,
20,429.9048644016281,,,
21,637.8728572994119,,,
22,930.2252950132702,,,
23,211.22027876561745,,,
24,993.3853386553798,,,
25,941.8854963117931,,,
26,936.8636402790897,,,
27,533.4244277506065,,,
28,643.4015120056947,,,
29,524.9855597823617,,,
30,699.0336068373144,,,
31,789.6734839485441,,,
32,582.9465547952638,,,
33,133.48489816712794,,,
34,399.27862342579914,,,
35,972.0731137451423,,,
36,362.4857896736929,,,
37,268.6799173751445,,,
38,530.0990431173307,,,
39,154.62665189787646,,,
