,startpoints,n_starts,n_par,options
0,0.4525492541576174,10.0,4.0,
1,0.45603543541909186,,,
2,0.8143429265670099,,,
3,0.3214105156234268,,,
4,0.2074334699955036,,,
5,0.5435973653085628,,,
6,0.5756031904907676,,,
7,0.7192167500540165,,,
8,0.5152120561857789,,,
9,0.07507116312733808,,,
10,0.12370486706219508,,,
11,0.5758116587108263,,,
12,0.1499725993534088,,,
13,0.6857535365157023,,,
14,0.12044099758440041,,,
15,0.9772519022311982,,,
16,0.6938851163501284,,,
17,0.286497987995195,,,
18,0.3092923354962167,,,
19,0.9211071737650193,,,
20,0.8305497493600444,,,
21,0.7807990725672429,,,
22,0.8896498994191607,,,
23,0.742963623079276,,,
24,0.9467484665854877,,,
25,0.33770733617890814,,,
26,0.936876989410425,,,
27,0.6384717102526452,,,
28,0.4823871933507544,,,
29,0.1926201042432869,,,
30,0.9274759138667035,,,
31,0.49787592598954966,,,
32,0.8139773158359174,,,
33,0.16215120133173322,,,
34,0.990472393673421,,,
35,0.4562428400591889,,,
36,0.7502920784428169,,,
37,0.8967094981955567,,,
38,0.43888093271675754,,,
39,0.006341925665718416,,,
