,reg_path,lambdas,sigma,par_names,conv_points,n_starts,aic,aicc,bic,options
0,0.61732073223315,-8.0,0.0,delta_EL,1.0,10.0,671.2667273987388,,690.0681312777604,"MODEL: Crauste Model comprehensive, 
SCALE: logicle(x+1)
#LAMBDA: 30
STARTS: 10
TIME: 325.73502492904663"
1,0.6173207251236901,-7.517241379310345,,delta_LM,1.0,,671.2667273987381,,690.0681312777597,
2,0.6173207244107853,-7.0344827586206895,,delta_NE,1.0,,671.2667273987408,,690.0681312777624,
3,0.6173206644166582,-6.551724137931035,,mu_EE,1.0,,671.2667273989953,,690.0681312780168,
4,0.6173206576956746,-6.068965517241379,,mu_LE,1.0,,671.2667273987863,,690.0681312778079,
5,0.0,-5.586206896551724,,mu_LL,1.0,,655.0601942998786,,672.8170757411768,
6,0.0,-5.103448275862069,,mu_N,1.0,,646.0148337092436,,663.7717151505418,
7,0.9217616680104703,-4.620689655172414,,mu_P,1.0,,641.5338987477633,,664.5133923776785,
8,6.208763279911466e-08,-4.137931034482758,,mu_PE,1.0,,618.3104107150427,,633.978247280894,
9,0.0016727553529690621,-3.655172413793103,,mu_PL,1.0,,603.5184221108366,,617.0972138012411,
10,0.001873998483418911,-3.1724137931034484,,rho_E,1.0,,603.5158431842647,,617.0946348746692,
11,0.0026086894637737186,-2.6896551724137927,,rho_P,1.0,,603.5103024514441,,617.0890941418486,
12,0.0027090074650687928,-2.206896551724138,,delta_NM,1.0,,603.5072123394588,,617.0860040298633,
13,0.00512176886316707,-1.7241379310344822,,delta_NL,2.0,,605.4943775509315,,620.1176916790595,
14,0.005118189550067087,-1.2413793103448274,,delta_EM,1.0,,603.4841849269549,,617.0629766173594,
15,0.005118164390265681,-0.7586206896551717,,delta_ME,1.0,,603.4841406382826,,617.0629323286871,
16,0.00494568418468895,-0.2758620689655169,,delta_LE,3.0,,601.4415874513885,,613.9758567040695,
17,0.007238624898436457,0.2068965517241388,,delta_ML,7.0,,600.7295535238459,,614.3083452142504,
18,0.06630116007999308,0.6896551724137936,,mu_E,8.0,,519.9976176382046,,538.7990215172262,
19,0.06635066937650515,1.1724137931034484,,mu_M,8.0,,465.64516073485925,,487.5801319270511,
20,0.043949027249322585,1.6551724137931032,,mu_L,9.0,,448.9667356760506,,467.7681395550722,
21,0.00978270138128439,2.13793103448276,,mu_EL,9.0,,527.6753424744468,,548.5657912289153,
22,0.0,2.6206896551724146,,,8.0,,657.1502856849165,,667.5955100621508,
23,0.0,3.1034482758620694,,,8.0,,795.3260705482929,,803.6822500500804,
24,1.7782198483238973e-13,3.586206896551724,,,8.0,,1223.868938773483,,1233.2696407129938,
25,0.0,4.068965517241379,,,8.0,,2526.889941449333,,2532.11255363795,
26,8.92967234028252e-14,4.551724137931036,,,8.0,,2537.194585369816,,2543.4617199961567,
27,8.92967234028252e-14,5.03448275862069,,,8.0,,2537.194585369816,,2543.4617199961567,
28,8.92967234028252e-14,5.517241379310345,,,8.0,,2537.194585369816,,2543.4617199961567,
29,0.0,6.0,,,8.0,,17015.155638519187,,17015.155638519187,
30,0.1267182641769494,,,,,,,,,
31,0.1267182618795625,,,,,,,,,
32,0.12671826164919087,,,,,,,,,
33,0.12671824226238435,,,,,,,,,
34,0.12671824009053134,,,,,,,,,
35,0.22652778459796763,,,,,,,,,
36,0.22778207091641378,,,,,,,,,
37,0.8323026987004752,,,,,,,,,
38,0.01737554279793334,,,,,,,,,
39,0.00035736056459623693,,,,,,,,,
40,0.0005851027909173897,,,,,,,,,
41,0.0005607637086581077,,,,,,,,,
42,0.0008059904401503486,,,,,,,,,
43,0.0008065970321650522,,,,,,,,,
44,0.00106868190868424,,,,,,,,,
45,0.0010735916271964899,,,,,,,,,
46,0.0,,,,,,,,,
47,0.0,,,,,,,,,
48,0.0062670877242394524,,,,,,,,,
49,0.006214141631323203,,,,,,,,,
50,0.009180887870563561,,,,,,,,,
51,1.3751309672832167e-11,,,,,,,,,
52,0.0,,,,,,,,,
53,1.8034391948346458e-06,,,,,,,,,
54,0.0,,,,,,,,,
55,0.0,,,,,,,,,
56,0.0,,,,,,,,,
57,0.0,,,,,,,,,
58,0.0,,,,,,,,,
59,0.0,,,,,,,,,
60,0.0,,,,,,,,,
61,0.0,,,,,,,,,
62,0.0,,,,,,,,,
63,0.0,,,,,,,,,
64,0.0,,,,,,,,,
65,1.4854950822438178,,,,,,,,,
66,1.7911624443374052,,,,,,,,,
67,0.062492351139971765,,,,,,,,,
68,0.10234881569191714,,,,,,,,,
69,0.0,,,,,,,,,
70,0.0,,,,,,,,,
71,0.0,,,,,,,,,
72,0.0,,,,,,,,,
73,2.9921134871836745e-06,,,,,,,,,
74,0.0,,,,,,,,,
75,0.0,,,,,,,,,
76,3.237507854433624e-09,,,,,,,,,
77,0.020147411985669574,,,,,,,,,
78,0.0,,,,,,,,,
79,0.00044024721172536576,,,,,,,,,
80,0.000304316370691066,,,,,,,,,
81,2.1442249026782423e-05,,,,,,,,,
82,0.05763350096500823,,,,,,,,,
83,0.014048083501862176,,,,,,,,,
84,0.011324403240013521,,,,,,,,,
85,0.00762634623098786,,,,,,,,,
86,0.007231013196511514,,,,,,,,,
87,0.007231013196511514,,,,,,,,,
88,0.007231013196511514,,,,,,,,,
89,0.0,,,,,,,,,
90,1.744394076168186,,,,,,,,,
91,1.744393980908323,,,,,,,,,
92,1.7443939713560934,,,,,,,,,
93,1.7443931674931925,,,,,,,,,
94,1.7443930774387078,,,,,,,,,
95,0.0,,,,,,,,,
96,0.0,,,,,,,,,
97,0.09890338396923275,,,,,,,,,
98,5.610559834248334e-06,,,,,,,,,
99,0.0,,,,,,,,,
100,0.0,,,,,,,,,
101,0.0,,,,,,,,,
102,0.0,,,,,,,,,
103,0.0,,,,,,,,,
104,0.0,,,,,,,,,
105,0.0,,,,,,,,,
106,0.0,,,,,,,,,
107,0.0,,,,,,,,,
108,0.0,,,,,,,,,
109,9.659904359547466e-06,,,,,,,,,
110,5.479064233361866e-06,,,,,,,,,
111,1.5119815236347442e-05,,,,,,,,,
112,0.0003203041828584373,,,,,,,,,
113,0.0,,,,,,,,,
114,0.0,,,,,,,,,
115,0.0,,,,,,,,,
116,0.0,,,,,,,,,
117,0.0,,,,,,,,,
118,0.0,,,,,,,,,
119,0.0,,,,,,,,,
120,0.0,,,,,,,,,
121,0.0,,,,,,,,,
122,0.0,,,,,,,,,
123,0.0,,,,,,,,,
124,0.0,,,,,,,,,
125,0.2434405677842026,,,,,,,,,
126,0.6274301250715767,,,,,,,,,
127,0.02265029312445339,,,,,,,,,
128,0.0004841401227381637,,,,,,,,,
129,0.0,,,,,,,,,
130,0.0,,,,,,,,,
131,0.0,,,,,,,,,
132,0.0,,,,,,,,,
133,0.0,,,,,,,,,
134,0.0,,,,,,,,,
135,0.0,,,,,,,,,
136,0.0,,,,,,,,,
137,0.0,,,,,,,,,
138,0.0,,,,,,,,,
139,0.0,,,,,,,,,
140,0.0,,,,,,,,,
141,1.7070895115488117e-07,,,,,,,,,
142,0.00011830643999355167,,,,,,,,,
143,0.0,,,,,,,,,
144,0.0,,,,,,,,,
145,0.0,,,,,,,,,
146,0.0,,,,,,,,,
147,0.0,,,,,,,,,
148,0.0,,,,,,,,,
149,0.0,,,,,,,,,
150,1.118288924090662,,,,,,,,,
151,1.1182889015583997,,,,,,,,,
152,1.1182888992989657,,,,,,,,,
153,1.1182887091574665,,,,,,,,,
154,1.1182886878564227,,,,,,,,,
155,0.2097721115048697,,,,,,,,,
156,0.2111471845726937,,,,,,,,,
157,1.9709642783433587e-05,,,,,,,,,
158,0.0,,,,,,,,,
159,0.0,,,,,,,,,
160,0.0,,,,,,,,,
161,0.0,,,,,,,,,
162,0.0,,,,,,,,,
163,0.0,,,,,,,,,
164,0.0,,,,,,,,,
165,0.0,,,,,,,,,
166,0.0,,,,,,,,,
167,0.0,,,,,,,,,
168,2.231084632973749e-06,,,,,,,,,
169,2.421066080324939e-06,,,,,,,,,
170,3.1065255192142152e-06,,,,,,,,,
171,2.1334424661428473e-06,,,,,,,,,
172,0.0,,,,,,,,,
173,0.0,,,,,,,,,
174,0.0,,,,,,,,,
175,0.0,,,,,,,,,
176,0.0,,,,,,,,,
177,0.0,,,,,,,,,
178,0.0,,,,,,,,,
179,0.0,,,,,,,,,
180,0.24549538348336852,,,,,,,,,
181,0.24549533843878268,,,,,,,,,
182,0.24549539310693436,,,,,,,,,
183,0.24549499583015927,,,,,,,,,
184,0.24549548660113577,,,,,,,,,
185,0.24646182041670517,,,,,,,,,
186,0.23935846327759272,,,,,,,,,
187,0.2087501226793502,,,,,,,,,
188,0.1803556849668555,,,,,,,,,
189,0.2266658270788263,,,,,,,,,
190,0.22673047992835757,,,,,,,,,
191,0.226965469925459,,,,,,,,,
192,0.2269951270175681,,,,,,,,,
193,0.2273234207559389,,,,,,,,,
194,0.227169948492755,,,,,,,,,
195,0.22716883317869016,,,,,,,,,
196,0.2250807382558001,,,,,,,,,
197,0.2008726629555676,,,,,,,,,
198,0.2228801809360009,,,,,,,,,
199,0.22286859923659574,,,,,,,,,
200,0.21579544513972584,,,,,,,,,
201,0.12044548387532557,,,,,,,,,
202,0.06775641253373332,,,,,,,,,
203,0.10654355952712773,,,,,,,,,
204,0.07902516159252738,,,,,,,,,
205,0.05321000663171845,,,,,,,,,
206,0.054841382099990156,,,,,,,,,
207,0.054841382099990156,,,,,,,,,
208,0.054841382099990156,,,,,,,,,
209,0.0,,,,,,,,,
210,0.7820743980645605,,,,,,,,,
211,0.7820743876751651,,,,,,,,,
212,0.7820743866333631,,,,,,,,,
213,0.782074298961063,,,,,,,,,
214,0.7820742891393672,,,,,,,,,
215,0.9559480133737049,,,,,,,,,
216,0.9522279790929465,,,,,,,,,
217,0.9265325282633033,,,,,,,,,
218,0.02272281416896362,,,,,,,,,
219,2.857610868092673e-11,,,,,,,,,
220,1.0871797491048204e-06,,,,,,,,,
221,8.570756462488155e-07,,,,,,,,,
222,8.617725473044701e-07,,,,,,,,,
223,8.79389992250915e-07,,,,,,,,,
224,7.704633040453446e-07,,,,,,,,,
225,7.704030156527123e-07,,,,,,,,,
226,8.739892127307105e-07,,,,,,,,,
227,0.0013894232174547394,,,,,,,,,
228,6.251107183985404e-10,,,,,,,,,
229,2.5118421302174532e-05,,,,,,,,,
230,4.1126849926134064e-10,,,,,,,,,
231,1.3969400610367151e-06,,,,,,,,,
232,0.0,,,,,,,,,
233,0.0,,,,,,,,,
234,0.0,,,,,,,,,
235,0.0,,,,,,,,,
236,0.0,,,,,,,,,
237,0.0,,,,,,,,,
238,0.0,,,,,,,,,
239,0.0,,,,,,,,,
240,1.999999998170584,,,,,,,,,
241,1.9999998265711412,,,,,,,,,
242,1.9999998093639257,,,,,,,,,
243,1.9999983612997017,,,,,,,,,
244,1.9999981990774072,,,,,,,,,
245,0.5890609280995646,,,,,,,,,
246,0.28129574869713203,,,,,,,,,
247,0.5960684555572094,,,,,,,,,
248,0.00040380119112213756,,,,,,,,,
249,0.056298029390718665,,,,,,,,,
250,0.05630428690670452,,,,,,,,,
251,0.056282077307532624,,,,,,,,,
252,0.05627524925743202,,,,,,,,,
253,0.05618152020248321,,,,,,,,,
254,0.056142891663317304,,,,,,,,,
255,0.0561426159538142,,,,,,,,,
256,0.05543928919126695,,,,,,,,,
257,0.0,,,,,,,,,
258,3.030232979957933e-05,,,,,,,,,
259,2.211118771248124e-06,,,,,,,,,
260,4.366284839958839e-06,,,,,,,,,
261,1.0890385638270619e-05,,,,,,,,,
262,0.0,,,,,,,,,
263,0.0,,,,,,,,,
264,0.0,,,,,,,,,
265,0.0,,,,,,,,,
266,0.0,,,,,,,,,
267,0.0,,,,,,,,,
268,0.0,,,,,,,,,
269,0.0,,,,,,,,,
270,1.999999998170584,,,,,,,,,
271,1.9999998265711412,,,,,,,,,
272,1.9999998093639257,,,,,,,,,
273,1.9999983612997017,,,,,,,,,
274,1.9999981990774072,,,,,,,,,
275,0.9934825957084137,,,,,,,,,
276,0.9884539708711723,,,,,,,,,
277,0.31391290912487263,,,,,,,,,
278,0.0,,,,,,,,,
279,1.7195385014283487e-08,,,,,,,,,
280,1.231715401249251e-05,,,,,,,,,
281,1.0831896186441272e-05,,,,,,,,,
282,1.724506745787571e-05,,,,,,,,,
283,4.223894487661985e-05,,,,,,,,,
284,8.462399762801663e-06,,,,,,,,,
285,1.1571775180719494e-05,,,,,,,,,
286,0.00011428719077945454,,,,,,,,,
287,0.0,,,,,,,,,
288,3.221977857337096e-07,,,,,,,,,
289,2.6067493471448376e-05,,,,,,,,,
290,1.1821455651655002e-06,,,,,,,,,
291,4.343497056517258e-06,,,,,,,,,
292,0.0,,,,,,,,,
293,0.0,,,,,,,,,
294,0.0,,,,,,,,,
295,0.0,,,,,,,,,
296,0.0,,,,,,,,,
297,0.0,,,,,,,,,
298,0.0,,,,,,,,,
299,0.0,,,,,,,,,
300,0.15715225839350366,,,,,,,,,
301,0.15715225592934806,,,,,,,,,
302,0.1571522556822536,,,,,,,,,
303,0.15715223488814678,,,,,,,,,
304,0.15715223255863764,,,,,,,,,
305,0.5132620108466901,,,,,,,,,
306,0.5144293796306021,,,,,,,,,
307,0.2930525802194526,,,,,,,,,
308,0.01314042566969676,,,,,,,,,
309,0.0,,,,,,,,,
310,0.0,,,,,,,,,
311,0.0,,,,,,,,,
312,0.0,,,,,,,,,
313,0.0,,,,,,,,,
314,0.0,,,,,,,,,
315,0.0,,,,,,,,,
316,0.0,,,,,,,,,
317,0.011051651723962731,,,,,,,,,
318,0.1918736593910705,,,,,,,,,
319,0.19186725302749263,,,,,,,,,
320,0.18000636420619923,,,,,,,,,
321,0.08506460045771366,,,,,,,,,
322,0.0,,,,,,,,,
323,4.821637332766433e-16,,,,,,,,,
324,1.8457227709825994e-13,,,,,,,,,
325,0.0,,,,,,,,,
326,0.0,,,,,,,,,
327,0.0,,,,,,,,,
328,0.0,,,,,,,,,
329,0.0,,,,,,,,,
330,0.7621967704125477,,,,,,,,,
331,0.7621967604879561,,,,,,,,,
332,0.7621967594927627,,,,,,,,,
333,0.7621966757427707,,,,,,,,,
334,0.7621966663604807,,,,,,,,,
335,0.03153769402260559,,,,,,,,,
336,0.031797970938022606,,,,,,,,,
337,0.16282036314462042,,,,,,,,,
338,0.0026418211421040984,,,,,,,,,
339,0.00889087674800856,,,,,,,,,
340,0.008890256303379349,,,,,,,,,
341,0.008887203632878503,,,,,,,,,
342,0.008886096567409837,,,,,,,,,
343,0.008871182413334748,,,,,,,,,
344,0.008865168976327418,,,,,,,,,
345,0.00886512540030067,,,,,,,,,
346,0.008551255424054379,,,,,,,,,
347,0.015122922543234291,,,,,,,,,
348,0.056122884725808286,,,,,,,,,
349,0.05611601913407774,,,,,,,,,
350,0.05497608719332529,,,,,,,,,
351,0.05919857321690302,,,,,,,,,
352,0.009359583443590381,,,,,,,,,
353,5.949900468633374e-14,,,,,,,,,
354,8.216070015033229e-14,,,,,,,,,
355,0.0,,,,,,,,,
356,2.410818666383211e-15,,,,,,,,,
357,2.410818666383211e-15,,,,,,,,,
358,2.410818666383211e-15,,,,,,,,,
359,0.0,,,,,,,,,
360,0.0,,,,,,,,,
361,0.0,,,,,,,,,
362,0.0,,,,,,,,,
363,0.0,,,,,,,,,
364,0.0,,,,,,,,,
365,0.2799745225784446,,,,,,,,,
366,0.3183237113294916,,,,,,,,,
367,1.7847102984786951,,,,,,,,,
368,0.09097166416943409,,,,,,,,,
369,0.1073522907649292,,,,,,,,,
370,0.10755682390033225,,,,,,,,,
371,0.10820453509516734,,,,,,,,,
372,0.10843800982922254,,,,,,,,,
373,0.11160425165305911,,,,,,,,,
374,0.1128793564111787,,,,,,,,,
375,0.11288862087683295,,,,,,,,,
376,0.12202229589735145,,,,,,,,,
377,0.05928197248663984,,,,,,,,,
378,0.0,,,,,,,,,
379,1.3663357094410763e-05,,,,,,,,,
380,0.0007728113666004065,,,,,,,,,
381,0.00733348502710296,,,,,,,,,
382,0.0059139174667915415,,,,,,,,,
383,0.004831823223230451,,,,,,,,,
384,0.004835738744208941,,,,,,,,,
385,0.003257804551820115,,,,,,,,,
386,0.002489957467401012,,,,,,,,,
387,0.002489957467401012,,,,,,,,,
388,0.002489957467401012,,,,,,,,,
389,0.0,,,,,,,,,
390,0.0,,,,,,,,,
391,0.0,,,,,,,,,
392,0.0,,,,,,,,,
393,0.0,,,,,,,,,
394,0.0,,,,,,,,,
395,0.06595614262010105,,,,,,,,,
396,2.4670204355889315e-09,,,,,,,,,
397,0.666300646625346,,,,,,,,,
398,0.0,,,,,,,,,
399,0.25375456808122804,,,,,,,,,
400,0.253707576844545,,,,,,,,,
401,0.2536115254935879,,,,,,,,,
402,0.2535798528863915,,,,,,,,,
403,0.2531546444930289,,,,,,,,,
404,0.2529833673496403,,,,,,,,,
405,0.25298212511636636,,,,,,,,,
406,0.25045458848684615,,,,,,,,,
407,0.002555044368508279,,,,,,,,,
408,0.015975232505149158,,,,,,,,,
409,0.01600811167155396,,,,,,,,,
410,0.01584856549630103,,,,,,,,,
411,0.019778570173492868,,,,,,,,,
412,0.04967807171568287,,,,,,,,,
413,0.017214963431721755,,,,,,,,,
414,0.014276781087098213,,,,,,,,,
415,0.009616375675750159,,,,,,,,,
416,0.008862910742668796,,,,,,,,,
417,0.008862910742668796,,,,,,,,,
418,0.008862910742668796,,,,,,,,,
419,0.0,,,,,,,,,
420,0.9153484071810901,,,,,,,,,
421,0.9153483930601282,,,,,,,,,
422,0.9153483916441415,,,,,,,,,
423,0.9153482724825195,,,,,,,,,
424,0.9153482591331593,,,,,,,,,
425,0.995449482008575,,,,,,,,,
426,0.7094859860758991,,,,,,,,,
427,1.2829104265818183,,,,,,,,,
428,0.019002145895630623,,,,,,,,,
429,0.0001185363237363336,,,,,,,,,
430,9.182651129402232e-05,,,,,,,,,
431,5.593883743842845e-05,,,,,,,,,
432,5.366168019670667e-05,,,,,,,,,
433,5.144138107458579e-05,,,,,,,,,
434,4.83544199704616e-05,,,,,,,,,
435,4.8353363479120455e-05,,,,,,,,,
436,0.0,,,,,,,,,
437,0.012573404028686862,,,,,,,,,
438,0.0018729068035905467,,,,,,,,,
439,0.0010597459585348554,,,,,,,,,
440,0.0,,,,,,,,,
441,0.0,,,,,,,,,
442,0.00278921926147017,,,,,,,,,
443,1.8219899194020762e-06,,,,,,,,,
444,0.0,,,,,,,,,
445,0.0,,,,,,,,,
446,0.0,,,,,,,,,
447,0.0,,,,,,,,,
448,0.0,,,,,,,,,
449,0.0,,,,,,,,,
450,1.620622311489243,,,,,,,,,
451,1.6206222398521117,,,,,,,,,
452,1.6206222326686628,,,,,,,,,
453,1.6206216281492563,,,,,,,,,
454,1.6206215604266276,,,,,,,,,
455,0.11971989027351337,,,,,,,,,
456,1.0310061251480298,,,,,,,,,
457,0.03090491972751912,,,,,,,,,
458,0.0,,,,,,,,,
459,0.02796999923749762,,,,,,,,,
460,0.027927493420479822,,,,,,,,,
461,0.028289266977416547,,,,,,,,,
462,0.028286013904611516,,,,,,,,,
463,0.028842429706072415,,,,,,,,,
464,0.029517023163699325,,,,,,,,,
465,0.029516877962540374,,,,,,,,,
466,0.029297620187317984,,,,,,,,,
467,0.02039287819452268,,,,,,,,,
468,0.013510567785650577,,,,,,,,,
469,0.013508510478182292,,,,,,,,,
470,0.007393671877189812,,,,,,,,,
471,1.9204542919063917e-10,,,,,,,,,
472,0.0,,,,,,,,,
473,0.0,,,,,,,,,
474,1.656385229826176e-05,,,,,,,,,
475,0.0,,,,,,,,,
476,0.0,,,,,,,,,
477,0.0,,,,,,,,,
478,0.0,,,,,,,,,
479,0.0,,,,,,,,,
480,0.13640508068815888,,,,,,,,,
481,0.13640507833895366,,,,,,,,,
482,0.1364050781033859,,,,,,,,,
483,0.13640505827930358,,,,,,,,,
484,0.13640505605846376,,,,,,,,,
485,0.6066847603717538,,,,,,,,,
486,0.6096881252897912,,,,,,,,,
487,0.05829436354772685,,,,,,,,,
488,0.0,,,,,,,,,
489,0.04070778363259349,,,,,,,,,
490,0.04066267496722118,,,,,,,,,
491,0.04062478625117338,,,,,,,,,
492,0.04067204875158621,,,,,,,,,
493,0.04060638978242697,,,,,,,,,
494,0.04139975964879952,,,,,,,,,
495,0.041399555953493566,,,,,,,,,
496,0.040114064325824816,,,,,,,,,
497,0.0222824034829103,,,,,,,,,
498,0.0066018739583240185,,,,,,,,,
499,0.006627996355641841,,,,,,,,,
500,0.0,,,,,,,,,
501,2.5352540971824162e-08,,,,,,,,,
502,0.0,,,,,,,,,
503,0.0,,,,,,,,,
504,0.0,,,,,,,,,
505,0.0,,,,,,,,,
506,0.0,,,,,,,,,
507,0.0,,,,,,,,,
508,0.0,,,,,,,,,
509,0.0,,,,,,,,,
510,0.6264184037675659,,,,,,,,,
511,0.626418396507605,,,,,,,,,
512,0.6264183957796087,,,,,,,,,
513,0.6264183345154589,,,,,,,,,
514,0.626418327652198,,,,,,,,,
515,0.0,,,,,,,,,
516,0.0,,,,,,,,,
517,0.9532743271278514,,,,,,,,,
518,0.11812359456006838,,,,,,,,,
519,0.012087408948988526,,,,,,,,,
520,0.012060936146583469,,,,,,,,,
521,0.012751072154626066,,,,,,,,,
522,0.012749767696848767,,,,,,,,,
523,0.014074803786403443,,,,,,,,,
524,0.014496380532988703,,,,,,,,,
525,0.014496309213187467,,,,,,,,,
526,0.01462886398048789,,,,,,,,,
527,0.09600447283733471,,,,,,,,,
528,0.10971023921090904,,,,,,,,,
529,0.10970510984240137,,,,,,,,,
530,0.10328883656139486,,,,,,,,,
531,0.02597196135235397,,,,,,,,,
532,0.0,,,,,,,,,
533,0.0,,,,,,,,,
534,5.007185134434907e-06,,,,,,,,,
535,4.374666129752078e-09,,,,,,,,,
536,0.0,,,,,,,,,
537,0.0,,,,,,,,,
538,0.0,,,,,,,,,
539,0.0,,,,,,,,,
540,0.6086052076789139,,,,,,,,,
541,0.6086052007107062,,,,,,,,,
542,0.6086052000119656,,,,,,,,,
543,0.6086051412098143,,,,,,,,,
544,0.6086051346223645,,,,,,,,,
545,0.0,,,,,,,,,
546,0.0,,,,,,,,,
547,0.4649362348107929,,,,,,,,,
548,0.007539512727878319,,,,,,,,,
549,0.0,,,,,,,,,
550,0.0,,,,,,,,,
551,0.0,,,,,,,,,
552,0.0,,,,,,,,,
553,0.0,,,,,,,,,
554,0.0,,,,,,,,,
555,0.0,,,,,,,,,
556,0.0,,,,,,,,,
557,0.0,,,,,,,,,
558,2.362929482936787e-09,,,,,,,,,
559,2.5026163292228687e-05,,,,,,,,,
560,0.0006943651587430876,,,,,,,,,
561,5.78173324879184e-05,,,,,,,,,
562,0.0006893640862791874,,,,,,,,,
563,0.0,,,,,,,,,
564,0.0,,,,,,,,,
565,0.0,,,,,,,,,
566,0.0,,,,,,,,,
567,0.0,,,,,,,,,
568,0.0,,,,,,,,,
569,0.0,,,,,,,,,
570,0.9472034985636724,,,,,,,,,
571,0.9472034833680192,,,,,,,,,
572,0.9472034818442673,,,,,,,,,
573,0.9472033536137198,,,,,,,,,
574,0.9472033392483923,,,,,,,,,
575,0.0,,,,,,,,,
576,0.0,,,,,,,,,
577,0.003249054127780603,,,,,,,,,
578,0.0,,,,,,,,,
579,0.0,,,,,,,,,
580,0.0,,,,,,,,,
581,0.0,,,,,,,,,
582,0.0,,,,,,,,,
583,0.0,,,,,,,,,
584,0.0,,,,,,,,,
585,0.0,,,,,,,,,
586,0.0,,,,,,,,,
587,0.00015429514533291837,,,,,,,,,
588,0.01557430814672792,,,,,,,,,
589,0.015571452507240478,,,,,,,,,
590,0.009597810606702553,,,,,,,,,
591,0.017750420096524933,,,,,,,,,
592,0.0,,,,,,,,,
593,0.0,,,,,,,,,
594,0.0,,,,,,,,,
595,0.0,,,,,,,,,
596,0.0,,,,,,,,,
597,0.0,,,,,,,,,
598,0.0,,,,,,,,,
599,0.0,,,,,,,,,
600,0.324730474537077,,,,,,,,,
601,0.32473047091259155,,,,,,,,,
602,0.3247304705491444,,,,,,,,,
603,0.32473043996344003,,,,,,,,,
604,0.32473043653700406,,,,,,,,,
605,0.3328572000018206,,,,,,,,,
606,0.33441548858877135,,,,,,,,,
607,3.9554094103868437e-05,,,,,,,,,
608,0.0,,,,,,,,,
609,0.0,,,,,,,,,
610,0.0,,,,,,,,,
611,0.0,,,,,,,,,
612,0.0,,,,,,,,,
613,0.0,,,,,,,,,
614,0.0,,,,,,,,,
615,0.0,,,,,,,,,
616,0.0,,,,,,,,,
617,0.0,,,,,,,,,
618,0.0017532693121176729,,,,,,,,,
619,0.0017486437339249608,,,,,,,,,
620,0.0,,,,,,,,,
621,0.0,,,,,,,,,
622,0.0,,,,,,,,,
623,0.0,,,,,,,,,
624,0.0,,,,,,,,,
625,0.0,,,,,,,,,
626,0.0,,,,,,,,,
627,0.0,,,,,,,,,
628,0.0,,,,,,,,,
629,0.0,,,,,,,,,
630,0.9216941284266211,,,,,,,,,
631,0.9216941140978151,,,,,,,,,
632,0.9216941126609868,,,,,,,,,
633,0.9216939917454446,,,,,,,,,
634,0.9216939781995975,,,,,,,,,
635,1.4475857888760322,,,,,,,,,
636,1.2888930157570184,,,,,,,,,
637,0.8203106221328456,,,,,,,,,
638,0.008560525023331378,,,,,,,,,
639,0.0,,,,,,,,,
640,0.0,,,,,,,,,
641,0.0,,,,,,,,,
642,0.0,,,,,,,,,
643,0.0,,,,,,,,,
644,0.0,,,,,,,,,
645,0.0,,,,,,,,,
646,0.0,,,,,,,,,
647,0.0,,,,,,,,,
648,1.0953478053901564e-05,,,,,,,,,
649,4.797184936666995e-07,,,,,,,,,
650,9.674743795266507e-06,,,,,,,,,
651,2.5419011547623626e-06,,,,,,,,,
652,6.750292265873004e-16,,,,,,,,,
653,0.0,,,,,,,,,
654,0.0,,,,,,,,,
655,0.0,,,,,,,,,
656,0.0,,,,,,,,,
657,0.0,,,,,,,,,
658,0.0,,,,,,,,,
659,0.0,,,,,,,,,
