,n_start,xs,fval,best_par,nominal_par,par_names,opt_lh,conv_points,comp_time,opt_interval,startpoints,options
0,10.0,0.06630116007999308,231.90588791914521,0.06630116007999308,0.181256315,delta_EL,180.70677915157387,0.0,0.0,0.0,,modelSelection run:18
1,,0.0062670877242394524,265.10810759084086,0.0062670877242394524,0.009697564740000001,delta_LM,,,,0.0,,
2,,0.0,271.9363992845171,0.0,0.00515080856,delta_NE,,,,0.0,,
3,,0.0,273.77991655322387,0.0,1.69961868e-05,mu_EE,,,,0.0,,
4,,0.0,275.2785493673188,0.0,4.34294518e-11,mu_LE,,,,0.0,,
5,,2.231084632973749e-06,276.6488775052046,2.231084632973749e-06,3.52437287e-06,mu_LL,,,,0.0,,
6,,0.2228801809360009,278.09947592314944,0.2228801809360009,0.240526112,mu_N,,,,0.0,,
7,,6.251107183985404e-10,297.2539823307918,6.251107183985404e-10,4.342923230000001e-06,mu_P,,,,0.0,,
8,,3.030232979957933e-05,303.8675359678379,3.030232979957933e-05,6.13435703e-11,mu_PE,,,,0.0,,
9,,3.221977857337096e-07,316.58812100142114,3.221977857337096e-07,1.57821086e-05,mu_PL,,,,0.0,,
10,,0.1918736593910705,,0.1918736593910705,0.178233035,rho_E,,,,0.0,,
11,,0.056122884725808286,,0.056122884725808286,0.0516858128,rho_P,,,,0.0,,
12,,0.0,,0.0,0.0,delta_NM,,,,0.0,,
13,,0.015975232505149158,,0.015975232505149158,0.0,delta_NL,,,,0.0,,
14,,0.0018729068035905467,,0.0018729068035905467,0.0,delta_EM,,,,0.0,,
15,,0.013510567785650577,,0.013510567785650577,0.0,delta_ME,,,,0.0,,
16,,0.0066018739583240185,,0.0066018739583240185,0.0,delta_LE,,,,0.0,,
17,,0.10971023921090904,,0.10971023921090904,0.0,delta_ML,,,,0.0,,
18,,2.362929482936787e-09,,2.362929482936787e-09,0.0,mu_E,,,,0.0,,
19,,0.01557430814672792,,0.01557430814672792,0.0,mu_M,,,,0.0,,
20,,0.0017532693121176729,,0.0017532693121176729,0.0,mu_L,,,,0.0,,
21,,1.0953478053901564e-05,,1.0953478053901564e-05,0.0,mu_EL,,,,0.0,,
22,,0.15665024682886508,,,,,,,,2.0,,
23,,6.99413224561237e-09,,,,,,,,2.0,,
24,,0.00044009663534619304,,,,,,,,2.0,,
25,,9.534981574886163e-06,,,,,,,,2.0,,
26,,0.0,,,,,,,,2.0,,
27,,4.928254411197847e-06,,,,,,,,2.0,,
28,,0.20861902678120783,,,,,,,,2.0,,
29,,3.2239453709491157e-10,,,,,,,,2.0,,
30,,8.627065667375677e-06,,,,,,,,2.0,,
31,,0.0,,,,,,,,2.0,,
32,,0.30816022863147297,,,,,,,,2.0,,
33,,0.015501270926255506,,,,,,,,2.0,,
34,,0.00428431011052041,,,,,,,,2.0,,
35,,2.3886218872789218e-05,,,,,,,,2.0,,
36,,0.03701588123449726,,,,,,,,2.0,,
37,,0.13551231004024406,,,,,,,,2.0,,
38,,3.4992936508395986e-11,,,,,,,,2.0,,
39,,0.07712921201426158,,,,,,,,2.0,,
40,,0.0,,,,,,,,2.0,,
41,,0.004420060327622238,,,,,,,,2.0,,
42,,1.599655331313129e-11,,,,,,,,2.0,,
43,,0.0,,,,,,,,2.0,,
44,,0.054198095507665335,,,,,,,,,,
45,,2.5139680847221816e-05,,,,,,,,,,
46,,0.0,,,,,,,,,,
47,,0.0,,,,,,,,,,
48,,0.0,,,,,,,,,,
49,,0.0,,,,,,,,,,
50,,0.18308251236146889,,,,,,,,,,
51,,0.0048134985805661865,,,,,,,,,,
52,,4.200056686791022e-05,,,,,,,,,,
53,,0.0,,,,,,,,,,
54,,0.14788587554218105,,,,,,,,,,
55,,0.01722410329026664,,,,,,,,,,
56,,0.07537656141584939,,,,,,,,,,
57,,0.0,,,,,,,,,,
58,,0.006549174595258387,,,,,,,,,,
59,,0.003004704508787806,,,,,,,,,,
60,,0.09237962094543571,,,,,,,,,,
61,,0.1114862287664846,,,,,,,,,,
62,,0.0,,,,,,,,,,
63,,0.006618678950276805,,,,,,,,,,
64,,0.0,,,,,,,,,,
65,,6.017129094564663e-07,,,,,,,,,,
66,,0.007238624898436457,,,,,,,,,,
67,,0.0,,,,,,,,,,
68,,0.020147411985669574,,,,,,,,,,
69,,0.0,,,,,,,,,,
70,,0.0,,,,,,,,,,
71,,0.0,,,,,,,,,,
72,,0.2008726629555676,,,,,,,,,,
73,,0.0013894232174547394,,,,,,,,,,
74,,0.0,,,,,,,,,,
75,,0.0,,,,,,,,,,
76,,0.011051651723962731,,,,,,,,,,
77,,0.015122922543234291,,,,,,,,,,
78,,0.05928197248663984,,,,,,,,,,
79,,0.002555044368508279,,,,,,,,,,
80,,0.012573404028686862,,,,,,,,,,
81,,0.02039287819452268,,,,,,,,,,
82,,0.0222824034829103,,,,,,,,,,
83,,0.09600447283733471,,,,,,,,,,
84,,0.0,,,,,,,,,,
85,,0.00015429514533291837,,,,,,,,,,
86,,0.0,,,,,,,,,,
87,,0.0,,,,,,,,,,
88,,0.0,,,,,,,,,,
89,,0.005061233040157132,,,,,,,,,,
90,,0.008853473071770195,,,,,,,,,,
91,,0.0,,,,,,,,,,
92,,0.0,,,,,,,,,,
93,,9.418706676538705e-05,,,,,,,,,,
94,,7.26526873606306e-06,,,,,,,,,,
95,,0.0009140580364915426,,,,,,,,,,
96,,2.2630188809659632e-06,,,,,,,,,,
97,,4.4559667808442136e-06,,,,,,,,,,
98,,0.00013909111833462412,,,,,,,,,,
99,,0.00021393626662995186,,,,,,,,,,
100,,0.0065481260081662555,,,,,,,,,,
101,,0.2505933303153675,,,,,,,,,,
102,,0.0,,,,,,,,,,
103,,0.0018502616795703455,,,,,,,,,,
104,,0.02266981784881016,,,,,,,,,,
105,,0.0003047742043026735,,,,,,,,,,
106,,0.0,,,,,,,,,,
107,,0.0,,,,,,,,,,
108,,1.7353641617970337e-05,,,,,,,,,,
109,,0.0,,,,,,,,,,
110,,0.0033955673324050925,,,,,,,,,,
111,,8.088242242248366e-05,,,,,,,,,,
112,,0.055319922978348895,,,,,,,,,,
113,,0.00023919725248794613,,,,,,,,,,
114,,0.0,,,,,,,,,,
115,,0.0,,,,,,,,,,
116,,0.1537822624116559,,,,,,,,,,
117,,0.0,,,,,,,,,,
118,,0.0,,,,,,,,,,
119,,0.0,,,,,,,,,,
120,,0.0282444603815751,,,,,,,,,,
121,,0.009828482040558568,,,,,,,,,,
122,,0.055171045509383815,,,,,,,,,,
123,,0.004888014911669113,,,,,,,,,,
124,,0.0,,,,,,,,,,
125,,0.010278359461061485,,,,,,,,,,
126,,6.823961446008277e-05,,,,,,,,,,
127,,0.09144600800000607,,,,,,,,,,
128,,0.0,,,,,,,,,,
129,,0.0006960779343321924,,,,,,,,,,
130,,0.0,,,,,,,,,,
131,,0.0,,,,,,,,,,
132,,0.005331256793706023,,,,,,,,,,
133,,8.008115632615986e-07,,,,,,,,,,
134,,0.0,,,,,,,,,,
135,,0.0,,,,,,,,,,
136,,0.0,,,,,,,,,,
137,,0.0,,,,,,,,,,
138,,0.20618611207362458,,,,,,,,,,
139,,0.0,,,,,,,,,,
140,,0.03125111468174793,,,,,,,,,,
141,,0.0,,,,,,,,,,
142,,0.0,,,,,,,,,,
143,,5.6604961522775864e-11,,,,,,,,,,
144,,0.07885218509584097,,,,,,,,,,
145,,0.179287816330774,,,,,,,,,,
146,,6.49074349662528e-07,,,,,,,,,,
147,,0.03530440572185988,,,,,,,,,,
148,,0.04249484747230524,,,,,,,,,,
149,,0.014208024325145478,,,,,,,,,,
150,,0.0,,,,,,,,,,
151,,0.0,,,,,,,,,,
152,,0.0,,,,,,,,,,
153,,0.0,,,,,,,,,,
154,,0.0,,,,,,,,,,
155,,0.0484022253425272,,,,,,,,,,
156,,0.0,,,,,,,,,,
157,,7.759763705487018e-06,,,,,,,,,,
158,,0.18218470791527133,,,,,,,,,,
159,,0.03832660987385368,,,,,,,,,,
160,,0.20138433416626966,,,,,,,,,,
161,,0.0,,,,,,,,,,
162,,1.3191174200989969e-05,,,,,,,,,,
163,,0.0,,,,,,,,,,
164,,0.16409605688198414,,,,,,,,,,
165,,0.005693146372374919,,,,,,,,,,
166,,0.0855082517635052,,,,,,,,,,
167,,0.024719856644882805,,,,,,,,,,
168,,0.034806273048093944,,,,,,,,,,
169,,0.09000329247954508,,,,,,,,,,
170,,0.18321027302973256,,,,,,,,,,
171,,0.09917930648239706,,,,,,,,,,
172,,0.0,,,,,,,,,,
173,,1.800207160013789e-06,,,,,,,,,,
174,,0.10608244265012443,,,,,,,,,,
175,,0.0931755940682856,,,,,,,,,,
176,,0.0,,,,,,,,,,
177,,0.07486750400252364,,,,,,,,,,
178,,0.05144095154130696,,,,,,,,,,
179,,0.0,,,,,,,,,,
180,,0.041616507388194314,,,,,,,,,,
181,,0.04320362248402669,,,,,,,,,,
182,,0.11539699470156281,,,,,,,,,,
183,,0.0515415825979129,,,,,,,,,,
184,,0.0,,,,,,,,,,
185,,0.004787390598407165,,,,,,,,,,
186,,0.06955377175043624,,,,,,,,,,
187,,0.05862828461292375,,,,,,,,,,
188,,0.06014775967705002,,,,,,,,,,
189,,0.08067136022280488,,,,,,,,,,
190,,0.006259399616386755,,,,,,,,,,
191,,0.06838279097324654,,,,,,,,,,
192,,0.08409165332565595,,,,,,,,,,
193,,0.013816132737375735,,,,,,,,,,
194,,0.0,,,,,,,,,,
195,,0.08242528840391565,,,,,,,,,,
196,,0.07235625172214463,,,,,,,,,,
197,,0.011873453074461315,,,,,,,,,,
198,,0.0,,,,,,,,,,
199,,0.0,,,,,,,,,,
200,,0.0,,,,,,,,,,
201,,0.0,,,,,,,,,,
202,,0.0,,,,,,,,,,
203,,0.0,,,,,,,,,,
204,,0.6489212056682577,,,,,,,,,,
205,,0.0,,,,,,,,,,
206,,0.0,,,,,,,,,,
207,,0.04674745105258675,,,,,,,,,,
208,,0.0,,,,,,,,,,
209,,0.0,,,,,,,,,,
210,,0.04920074858712308,,,,,,,,,,
211,,0.5553504482983982,,,,,,,,,,
212,,0.0,,,,,,,,,,
213,,0.0,,,,,,,,,,
214,,0.0,,,,,,,,,,
215,,0.0,,,,,,,,,,
216,,0.0,,,,,,,,,,
217,,0.0,,,,,,,,,,
218,,0.0,,,,,,,,,,
219,,0.0,,,,,,,,,,
