,n_start,xs,fval,best_par,nominal_par,par_names,opt_lh,conv_points,comp_time,opt_interval,startpoints,options
0,10.0,0.0,707.7559144456031,0.0,0.181256315,delta_EL,2493.3487739941943,0.0,0.0,0.0,,modelSelection run:23
1,,1.8034391948346458e-06,712.5789531679917,1.8034391948346458e-06,0.009697564740000001,delta_LM,,,,0.0,,
2,,0.014048083501862176,781.2510257819538,0.014048083501862176,0.00515080856,delta_NE,,,,0.0,,
3,,0.0,811.6981769782218,0.0,1.69961868e-05,mu_EE,,,,0.0,,
4,,0.0,858.9010191606856,0.0,4.34294518e-11,mu_LE,,,,0.0,,
5,,0.0,931.5986190124736,0.0,3.52437287e-06,mu_LL,,,,0.0,,
6,,0.10654355952712773,1121.2099866824628,0.10654355952712773,0.240526112,mu_N,,,,0.0,,
7,,0.0,1496.379011252218,0.0,4.342923230000001e-06,mu_P,,,,0.0,,
8,,0.0,3591.8473456779993,0.0,6.13435703e-11,mu_PE,,,,0.0,,
9,,0.0,8134.516266498632,0.0,1.57821086e-05,mu_PL,,,,0.0,,
10,,4.821637332766433e-16,,4.821637332766433e-16,0.178233035,rho_E,,,,0.0,,
11,,5.949900468633374e-14,,5.949900468633374e-14,0.0516858128,rho_P,,,,0.0,,
12,,0.004831823223230451,,0.004831823223230451,0.0,delta_NM,,,,0.0,,
13,,0.017214963431721755,,0.017214963431721755,0.0,delta_NL,,,,0.0,,
14,,1.8219899194020762e-06,,1.8219899194020762e-06,0.0,delta_EM,,,,0.0,,
15,,0.0,,0.0,0.0,delta_ME,,,,0.0,,
16,,0.0,,0.0,0.0,delta_LE,,,,0.0,,
17,,0.0,,0.0,0.0,delta_ML,,,,0.0,,
18,,0.0,,0.0,0.0,mu_E,,,,0.0,,
19,,0.0,,0.0,0.0,mu_M,,,,0.0,,
20,,0.0,,0.0,0.0,mu_L,,,,0.0,,
21,,0.0,,0.0,0.0,mu_EL,,,,0.0,,
22,,0.0,,,,,,,,2.0,,
23,,2.8929823996598605e-16,,,,,,,,2.0,,
24,,0.03040747104627649,,,,,,,,2.0,,
25,,0.0,,,,,,,,2.0,,
26,,6.532291647162865e-07,,,,,,,,2.0,,
27,,0.00014253413801276546,,,,,,,,2.0,,
28,,0.031128336194653102,,,,,,,,2.0,,
29,,0.0,,,,,,,,2.0,,
30,,0.0,,,,,,,,2.0,,
31,,0.0,,,,,,,,2.0,,
32,,2.1328491737455102e-07,,,,,,,,2.0,,
33,,0.004316305858113219,,,,,,,,2.0,,
34,,0.0058940691364295205,,,,,,,,2.0,,
35,,0.07711513290629808,,,,,,,,2.0,,
36,,5.0986043017578865e-09,,,,,,,,2.0,,
37,,0.0,,,,,,,,2.0,,
38,,0.0,,,,,,,,2.0,,
39,,0.0,,,,,,,,2.0,,
40,,0.0,,,,,,,,2.0,,
41,,0.0,,,,,,,,2.0,,
42,,0.0,,,,,,,,2.0,,
43,,4.623927655167651e-05,,,,,,,,2.0,,
44,,0.0,,,,,,,,,,
45,,0.0,,,,,,,,,,
46,,0.05763350096500823,,,,,,,,,,
47,,0.0003203041828584373,,,,,,,,,,
48,,0.00011830643999355167,,,,,,,,,,
49,,0.0,,,,,,,,,,
50,,0.06775641253373332,,,,,,,,,,
51,,0.0,,,,,,,,,,
52,,0.0,,,,,,,,,,
53,,0.0,,,,,,,,,,
54,,0.0,,,,,,,,,,
55,,0.009359583443590381,,,,,,,,,,
56,,0.0059139174667915415,,,,,,,,,,
57,,0.04967807171568287,,,,,,,,,,
58,,0.00278921926147017,,,,,,,,,,
59,,0.0,,,,,,,,,,
60,,0.0,,,,,,,,,,
61,,0.0,,,,,,,,,,
62,,0.0006893640862791874,,,,,,,,,,
63,,0.0,,,,,,,,,,
64,,0.0,,,,,,,,,,
65,,6.750292265873004e-16,,,,,,,,,,
66,,0.0,,,,,,,,,,
67,,2.8929823996598605e-16,,,,,,,,,,
68,,0.0,,,,,,,,,,
69,,0.0,,,,,,,,,,
70,,0.0,,,,,,,,,,
71,,0.00034328460558550054,,,,,,,,,,
72,,0.00016130812752767555,,,,,,,,,,
73,,0.0,,,,,,,,,,
74,,0.0,,,,,,,,,,
75,,0.0,,,,,,,,,,
76,,0.0,,,,,,,,,,
77,,0.0,,,,,,,,,,
78,,0.0,,,,,,,,,,
79,,0.17532346742713678,,,,,,,,,,
80,,0.0,,,,,,,,,,
81,,0.0,,,,,,,,,,
82,,0.0,,,,,,,,,,
83,,0.0,,,,,,,,,,
84,,0.0,,,,,,,,,,
85,,0.0,,,,,,,,,,
86,,0.0,,,,,,,,,,
87,,0.0,,,,,,,,,,
88,,0.0,,,,,,,,,,
89,,0.0,,,,,,,,,,
90,,0.02128815807660044,,,,,,,,,,
91,,0.0,,,,,,,,,,
92,,0.0,,,,,,,,,,
93,,0.0,,,,,,,,,,
94,,0.14881696904653802,,,,,,,,,,
95,,0.0,,,,,,,,,,
96,,0.0,,,,,,,,,,
97,,0.0,,,,,,,,,,
98,,1.975296559232146e-10,,,,,,,,,,
99,,4.269675577250783e-11,,,,,,,,,,
100,,0.009140462817447296,,,,,,,,,,
101,,0.026801330525768337,,,,,,,,,,
102,,0.0,,,,,,,,,,
103,,1.930657673725425e-06,,,,,,,,,,
104,,1.9286549331065737e-16,,,,,,,,,,
105,,1.9286549331065737e-16,,,,,,,,,,
106,,0.0,,,,,,,,,,
107,,0.004422725788604523,,,,,,,,,,
108,,0.0,,,,,,,,,,
109,,0.0,,,,,,,,,,
110,,0.0,,,,,,,,,,
111,,0.0,,,,,,,,,,
112,,0.025210695538950504,,,,,,,,,,
113,,0.0,,,,,,,,,,
114,,0.0,,,,,,,,,,
115,,8.849925110412971e-05,,,,,,,,,,
116,,0.10952233252249056,,,,,,,,,,
117,,0.0,,,,,,,,,,
118,,0.0,,,,,,,,,,
119,,0.0,,,,,,,,,,
120,,0.0,,,,,,,,,,
121,,5.6993907342988444e-05,,,,,,,,,,
122,,0.00978252738055233,,,,,,,,,,
123,,0.09513762787760939,,,,,,,,,,
124,,0.0,,,,,,,,,,
125,,7.439364070099538e-06,,,,,,,,,,
126,,2.5124659044095568e-05,,,,,,,,,,
127,,0.0,,,,,,,,,,
128,,0.0,,,,,,,,,,
129,,0.0,,,,,,,,,,
130,,0.0,,,,,,,,,,
131,,0.0,,,,,,,,,,
132,,0.0026790370790293547,,,,,,,,,,
133,,0.0,,,,,,,,,,
134,,0.0010706768009007038,,,,,,,,,,
135,,3.521787622958926e-06,,,,,,,,,,
136,,0.0,,,,,,,,,,
137,,9.386481264307481e-07,,,,,,,,,,
138,,0.11416976057443695,,,,,,,,,,
139,,0.0,,,,,,,,,,
140,,4.1238162601202655e-06,,,,,,,,,,
141,,0.0,,,,,,,,,,
142,,0.07602183179154194,,,,,,,,,,
143,,0.057114378634788215,,,,,,,,,,
144,,0.0034802251929743457,,,,,,,,,,
145,,0.015134817074696815,,,,,,,,,,
146,,0.0,,,,,,,,,,
147,,0.0003381130003593305,,,,,,,,,,
148,,0.0,,,,,,,,,,
149,,0.018260425863051672,,,,,,,,,,
150,,0.0,,,,,,,,,,
151,,0.010307684269266166,,,,,,,,,,
152,,0.0,,,,,,,,,,
153,,0.0,,,,,,,,,,
154,,0.0,,,,,,,,,,
155,,0.027450618088860068,,,,,,,,,,
156,,0.022122829690832988,,,,,,,,,,
157,,0.0,,,,,,,,,,
158,,0.015067104285693104,,,,,,,,,,
159,,0.015406267585649216,,,,,,,,,,
160,,0.051727206681130386,,,,,,,,,,
161,,0.016437458623054204,,,,,,,,,,
162,,0.0,,,,,,,,,,
163,,0.0,,,,,,,,,,
164,,0.025494175399281335,,,,,,,,,,
165,,0.023148814410014158,,,,,,,,,,
166,,0.02468814945723277,,,,,,,,,,
167,,0.03307869663978531,,,,,,,,,,
168,,0.0060536423499533655,,,,,,,,,,
169,,0.025067861962784346,,,,,,,,,,
170,,0.030991654568990255,,,,,,,,,,
171,,0.0041167987234193995,,,,,,,,,,
172,,0.0,,,,,,,,,,
173,,0.030449341856869486,,,,,,,,,,
174,,0.026492606533548714,,,,,,,,,,
175,,0.008104583695079482,,,,,,,,,,
176,,0.15309687082319665,,,,,,,,,,
177,,0.0024486006608764126,,,,,,,,,,
178,,0.0,,,,,,,,,,
179,,0.0,,,,,,,,,,
180,,0.0,,,,,,,,,,
181,,7.919585361277989e-06,,,,,,,,,,
182,,0.22188837810915005,,,,,,,,,,
183,,0.000254303393296785,,,,,,,,,,
184,,0.0,,,,,,,,,,
185,,4.4124548817617696e-06,,,,,,,,,,
186,,0.30046448610205184,,,,,,,,,,
187,,0.03530967959032888,,,,,,,,,,
188,,0.0033235384878204325,,,,,,,,,,
189,,0.0060692998432291135,,,,,,,,,,
190,,0.0062266292980508835,,,,,,,,,,
191,,0.12828301346482734,,,,,,,,,,
192,,0.0014295997779050285,,,,,,,,,,
193,,0.07135614880052611,,,,,,,,,,
194,,0.0024852819083920103,,,,,,,,,,
195,,0.0,,,,,,,,,,
196,,0.00010289786137389256,,,,,,,,,,
197,,1.8254917947019986e-05,,,,,,,,,,
198,,0.0,,,,,,,,,,
199,,0.0,,,,,,,,,,
200,,0.0,,,,,,,,,,
201,,0.0,,,,,,,,,,
202,,0.0,,,,,,,,,,
203,,0.0,,,,,,,,,,
204,,0.6489212056682577,,,,,,,,,,
205,,0.0,,,,,,,,,,
206,,0.0,,,,,,,,,,
207,,0.04674745105258675,,,,,,,,,,
208,,0.0,,,,,,,,,,
209,,0.0,,,,,,,,,,
210,,0.04920074858712308,,,,,,,,,,
211,,0.5553504482983982,,,,,,,,,,
212,,0.0,,,,,,,,,,
213,,0.0,,,,,,,,,,
214,,0.0,,,,,,,,,,
215,,0.0,,,,,,,,,,
216,,0.0,,,,,,,,,,
217,,0.0,,,,,,,,,,
218,,0.0,,,,,,,,,,
219,,0.0,,,,,,,,,,
