,n_start,xs,fval,best_par,nominal_par,par_names,opt_lh,conv_points,comp_time,opt_interval,startpoints,options
0,10.0,0.00978270138128439,270.58762564302356,0.00978270138128439,0.181256315,delta_EL,362.54841914721555,0.0,0.0,0.0,,modelSelection run:21
1,,1.3751309672832167e-11,280.8030742352303,1.3751309672832167e-11,0.009697564740000001,delta_LM,,,,0.0,,
2,,2.1442249026782423e-05,281.31187621025606,2.1442249026782423e-05,0.00515080856,delta_NE,,,,0.0,,
3,,1.5119815236347442e-05,283.8096372264921,1.5119815236347442e-05,1.69961868e-05,mu_EE,,,,0.0,,
4,,1.7070895115488117e-07,284.92624104453967,1.7070895115488117e-07,4.34294518e-11,mu_LE,,,,0.0,,
5,,2.1334424661428473e-06,287.2069778661634,2.1334424661428473e-06,3.52437287e-06,mu_LL,,,,0.0,,
6,,0.12044548387532557,303.6571586541014,0.12044548387532557,0.240526112,mu_N,,,,0.0,,
7,,1.3969400610367151e-06,437.9928015828816,1.3969400610367151e-06,4.342923230000001e-06,mu_P,,,,0.0,,
8,,1.0890385638270619e-05,533.947288642514,1.0890385638270619e-05,6.13435703e-11,mu_PE,,,,0.0,,
9,,4.343497056517258e-06,1075.4457955449527,4.343497056517258e-06,1.57821086e-05,mu_PL,,,,0.0,,
10,,0.08506460045771366,,0.08506460045771366,0.178233035,rho_E,,,,0.0,,
11,,0.05919857321690302,,0.05919857321690302,0.0516858128,rho_P,,,,0.0,,
12,,0.00733348502710296,,0.00733348502710296,0.0,delta_NM,,,,0.0,,
13,,0.019778570173492868,,0.019778570173492868,0.0,delta_NL,,,,0.0,,
14,,0.0,,0.0,0.0,delta_EM,,,,0.0,,
15,,1.9204542919063917e-10,,1.9204542919063917e-10,0.0,delta_ME,,,,0.0,,
16,,2.5352540971824162e-08,,2.5352540971824162e-08,0.0,delta_LE,,,,0.0,,
17,,0.02597196135235397,,0.02597196135235397,0.0,delta_ML,,,,0.0,,
18,,5.78173324879184e-05,,5.78173324879184e-05,0.0,mu_E,,,,0.0,,
19,,0.017750420096524933,,0.017750420096524933,0.0,mu_M,,,,0.0,,
20,,0.0,,0.0,0.0,mu_L,,,,0.0,,
21,,2.5419011547623626e-06,,2.5419011547623626e-06,0.0,mu_EL,,,,0.0,,
22,,0.0,,,,,,,,2.0,,
23,,0.0,,,,,,,,2.0,,
24,,0.02128815807660044,,,,,,,,2.0,,
25,,0.0,,,,,,,,2.0,,
26,,0.0,,,,,,,,2.0,,
27,,0.0,,,,,,,,2.0,,
28,,0.14881696904653802,,,,,,,,2.0,,
29,,0.0,,,,,,,,2.0,,
30,,0.0,,,,,,,,2.0,,
31,,0.0,,,,,,,,2.0,,
32,,1.975296559232146e-10,,,,,,,,2.0,,
33,,4.269675577250783e-11,,,,,,,,2.0,,
34,,0.009140462817447296,,,,,,,,2.0,,
35,,0.026801330525768337,,,,,,,,2.0,,
36,,0.0,,,,,,,,2.0,,
37,,1.930657673725425e-06,,,,,,,,2.0,,
38,,0.0,,,,,,,,2.0,,
39,,0.0,,,,,,,,2.0,,
40,,0.0,,,,,,,,2.0,,
41,,0.004422725788604523,,,,,,,,2.0,,
42,,0.0,,,,,,,,2.0,,
43,,0.0,,,,,,,,2.0,,
44,,1.8167067401424392e-06,,,,,,,,,,
45,,0.0,,,,,,,,,,
46,,0.018969913789974587,,,,,,,,,,
47,,0.0,,,,,,,,,,
48,,0.0,,,,,,,,,,
49,,0.0,,,,,,,,,,
50,,0.1522476718576893,,,,,,,,,,
51,,0.0,,,,,,,,,,
52,,0.0,,,,,,,,,,
53,,0.0,,,,,,,,,,
54,,0.0011870951107855925,,,,,,,,,,
55,,6.061090048554535e-07,,,,,,,,,,
56,,0.010142329001467205,,,,,,,,,,
57,,0.020636760199425404,,,,,,,,,,
58,,0.0,,,,,,,,,,
59,,0.0,,,,,,,,,,
60,,0.0,,,,,,,,,,
61,,1.7454327144614146e-14,,,,,,,,,,
62,,0.0,,,,,,,,,,
63,,0.0,,,,,,,,,,
64,,0.0,,,,,,,,,,
65,,0.0,,,,,,,,,,
66,,0.0,,,,,,,,,,
67,,0.0,,,,,,,,,,
68,,0.042270755290203264,,,,,,,,,,
69,,0.0,,,,,,,,,,
70,,0.00018145210506929937,,,,,,,,,,
71,,4.8660972082397716e-05,,,,,,,,,,
72,,0.04326138878975715,,,,,,,,,,
73,,0.0,,,,,,,,,,
74,,0.0,,,,,,,,,,
75,,0.0,,,,,,,,,,
76,,0.0014674748658743055,,,,,,,,,,
77,,0.006267798911486409,,,,,,,,,,
78,,0.008056569290822482,,,,,,,,,,
79,,0.10708590361634418,,,,,,,,,,
80,,0.0,,,,,,,,,,
81,,0.001504063713987519,,,,,,,,,,
82,,0.0,,,,,,,,,,
83,,0.0,,,,,,,,,,
84,,0.0,,,,,,,,,,
85,,0.0,,,,,,,,,,
86,,9.231159259285469e-06,,,,,,,,,,
87,,9.20354841710273e-05,,,,,,,,,,
88,,0.0,,,,,,,,,,
89,,0.0,,,,,,,,,,
90,,0.025210695538950504,,,,,,,,,,
91,,0.0,,,,,,,,,,
92,,0.0,,,,,,,,,,
93,,8.849925110412971e-05,,,,,,,,,,
94,,0.10952233252249056,,,,,,,,,,
95,,0.0,,,,,,,,,,
96,,0.0,,,,,,,,,,
97,,0.0,,,,,,,,,,
98,,0.0,,,,,,,,,,
99,,5.6993907342988444e-05,,,,,,,,,,
100,,0.00978252738055233,,,,,,,,,,
101,,0.09513762787760939,,,,,,,,,,
102,,0.0,,,,,,,,,,
103,,7.439364070099538e-06,,,,,,,,,,
104,,2.5124659044095568e-05,,,,,,,,,,
105,,0.0,,,,,,,,,,
106,,0.0,,,,,,,,,,
107,,0.0,,,,,,,,,,
108,,0.0,,,,,,,,,,
109,,0.0,,,,,,,,,,
110,,0.001642853771301257,,,,,,,,,,
111,,0.0,,,,,,,,,,
112,,0.06393430168611668,,,,,,,,,,
113,,9.124466264763355e-06,,,,,,,,,,
114,,0.00021370834594192922,,,,,,,,,,
115,,0.0,,,,,,,,,,
116,,0.07406011783188889,,,,,,,,,,
117,,0.0,,,,,,,,,,
118,,0.0,,,,,,,,,,
119,,0.0,,,,,,,,,,
120,,5.41132517459061e-05,,,,,,,,,,
121,,0.014425454874989373,,,,,,,,,,
122,,0.010470352351011212,,,,,,,,,,
123,,0.05365581426177809,,,,,,,,,,
124,,0.0,,,,,,,,,,
125,,0.0038312858575610025,,,,,,,,,,
126,,0.0,,,,,,,,,,
127,,0.00687792474682589,,,,,,,,,,
128,,0.0,,,,,,,,,,
129,,0.0009816230752460846,,,,,,,,,,
130,,0.0,,,,,,,,,,
131,,0.00042403181542416234,,,,,,,,,,
132,,0.0,,,,,,,,,,
133,,0.002236840100130312,,,,,,,,,,
134,,0.001372767098501915,,,,,,,,,,
135,,0.0,,,,,,,,,,
136,,0.0,,,,,,,,,,
137,,0.00010346304883669517,,,,,,,,,,
138,,4.744694032545674e-06,,,,,,,,,,
139,,0.0,,,,,,,,,,
140,,0.0,,,,,,,,,,
141,,0.0,,,,,,,,,,
142,,0.005240632505425073,,,,,,,,,,
143,,3.279436315903334e-05,,,,,,,,,,
144,,0.0005714465378575217,,,,,,,,,,
145,,0.22372212436763828,,,,,,,,,,
146,,1.0007211851294786e-11,,,,,,,,,,
147,,0.0016846342540725863,,,,,,,,,,
148,,0.014182647913089248,,,,,,,,,,
149,,0.0,,,,,,,,,,
150,,0.0,,,,,,,,,,
151,,0.0,,,,,,,,,,
152,,0.0,,,,,,,,,,
153,,0.0,,,,,,,,,,
154,,0.0,,,,,,,,,,
155,,0.03978954159668187,,,,,,,,,,
156,,0.027689198592477798,,,,,,,,,,
157,,6.276893944355202e-06,,,,,,,,,,
158,,0.02245186017792644,,,,,,,,,,
159,,0.022952554669921004,,,,,,,,,,
160,,0.0688703117089986,,,,,,,,,,
161,,0.026630637431100144,,,,,,,,,,
162,,4.449746885302756e-06,,,,,,,,,,
163,,0.0,,,,,,,,,,
164,,0.037010790946064936,,,,,,,,,,
165,,0.03147836190411679,,,,,,,,,,
166,,0.03229861724314148,,,,,,,,,,
167,,0.04289258460739814,,,,,,,,,,
168,,0.010063515033294848,,,,,,,,,,
169,,0.036177162227267995,,,,,,,,,,
170,,0.04473289704215509,,,,,,,,,,
171,,0.006937865054399908,,,,,,,,,,
172,,0.0,,,,,,,,,,
173,,0.0437175468539135,,,,,,,,,,
174,,0.03844402491824945,,,,,,,,,,
175,,0.012757066263103412,,,,,,,,,,
176,,0.15309687082319665,,,,,,,,,,
177,,0.0024486006608764126,,,,,,,,,,
178,,0.0,,,,,,,,,,
179,,0.0,,,,,,,,,,
180,,0.0,,,,,,,,,,
181,,7.919585361277989e-06,,,,,,,,,,
182,,0.22188837810915005,,,,,,,,,,
183,,0.000254303393296785,,,,,,,,,,
184,,0.0,,,,,,,,,,
185,,4.4124548817617696e-06,,,,,,,,,,
186,,0.30046448610205184,,,,,,,,,,
187,,0.03530967959032888,,,,,,,,,,
188,,0.0033235384878204325,,,,,,,,,,
189,,0.0060692998432291135,,,,,,,,,,
190,,0.0062266292980508835,,,,,,,,,,
191,,0.12828301346482734,,,,,,,,,,
192,,0.0014295997779050285,,,,,,,,,,
193,,0.07135614880052611,,,,,,,,,,
194,,0.0024852819083920103,,,,,,,,,,
195,,0.0,,,,,,,,,,
196,,0.00010289786137389256,,,,,,,,,,
197,,1.8254917947019986e-05,,,,,,,,,,
198,,0.0,,,,,,,,,,
199,,0.0,,,,,,,,,,
200,,0.0,,,,,,,,,,
201,,0.0,,,,,,,,,,
202,,0.0,,,,,,,,,,
203,,0.0,,,,,,,,,,
204,,0.6489212056682577,,,,,,,,,,
205,,0.0,,,,,,,,,,
206,,0.0,,,,,,,,,,
207,,0.04674745105258675,,,,,,,,,,
208,,0.0,,,,,,,,,,
209,,0.0,,,,,,,,,,
210,,0.04920074858712308,,,,,,,,,,
211,,0.5553504482983982,,,,,,,,,,
212,,0.0,,,,,,,,,,
213,,0.0,,,,,,,,,,
214,,0.0,,,,,,,,,,
215,,0.0,,,,,,,,,,
216,,0.0,,,,,,,,,,
217,,0.0,,,,,,,,,,
218,,0.0,,,,,,,,,,
219,,0.0,,,,,,,,,,
