,n_start,xs,fval,best_par,nominal_par,par_names,opt_lh,conv_points,comp_time,opt_interval,startpoints,options
0,10.0,0.6173207251236901,713.6825470005144,0.6173207251236901,0.181256315,delta_EL,587.0155803110348,0.0,0.0,0.0,,modelSelection run:1
1,,0.1267182618795625,713.6828125752654,0.1267182618795625,0.009697564740000001,delta_LM,,,,0.0,,
2,,0.0,713.6834335380026,0.0,0.00515080856,delta_NE,,,,0.0,,
3,,1.744393980908323,715.5589178406815,1.744393980908323,1.69961868e-05,mu_EE,,,,0.0,,
4,,0.0,715.5589193576785,0.0,4.34294518e-11,mu_LE,,,,0.0,,
5,,1.1182889015583997,715.5589213309144,1.1182889015583997,3.52437287e-06,mu_LL,,,,0.0,,
6,,0.24549533843878268,715.558922090022,0.24549533843878268,0.240526112,mu_N,,,,0.0,,
7,,0.7820743876751651,715.5589260171722,0.7820743876751651,4.342923230000001e-06,mu_P,,,,0.0,,
8,,1.9999998265711412,721.9018291222733,1.9999998265711412,6.13435703e-11,mu_PE,,,,0.0,,
9,,1.9999998265711412,795.2536649009692,1.9999998265711412,1.57821086e-05,mu_PL,,,,0.0,,
10,,0.15715225592934806,,0.15715225592934806,0.178233035,rho_E,,,,0.0,,
11,,0.7621967604879561,,0.7621967604879561,0.0516858128,rho_P,,,,0.0,,
12,,0.0,,0.0,0.0,delta_NM,,,,0.0,,
13,,0.0,,0.0,0.0,delta_NL,,,,0.0,,
14,,0.9153483930601282,,0.9153483930601282,0.0,delta_EM,,,,0.0,,
15,,1.6206222398521117,,1.6206222398521117,0.0,delta_ME,,,,0.0,,
16,,0.13640507833895366,,0.13640507833895366,0.0,delta_LE,,,,0.0,,
17,,0.626418396507605,,0.626418396507605,0.0,delta_ML,,,,0.0,,
18,,0.6086052007107062,,0.6086052007107062,0.0,mu_E,,,,0.0,,
19,,0.9472034833680192,,0.9472034833680192,0.0,mu_M,,,,0.0,,
20,,0.32473047091259155,,0.32473047091259155,0.0,mu_L,,,,0.0,,
21,,0.9216941140978151,,0.9216941140978151,0.0,mu_EL,,,,0.0,,
22,,0.3398678225916496,,,,,,,,2.0,,
23,,1.4242510468412537,,,,,,,,2.0,,
24,,0.29483582847549133,,,,,,,,2.0,,
25,,0.8613964990164111,,,,,,,,2.0,,
26,,1.2312534930438932,,,,,,,,2.0,,
27,,0.31300435869668924,,,,,,,,2.0,,
28,,0.24538380601173354,,,,,,,,2.0,,
29,,0.35700476325975256,,,,,,,,2.0,,
30,,2.0,,,,,,,,2.0,,
31,,1.652150150799852,,,,,,,,2.0,,
32,,0.7313173632291073,,,,,,,,2.0,,
33,,0.7165476043845774,,,,,,,,2.0,,
34,,0.0,,,,,,,,2.0,,
35,,0.23054626106621162,,,,,,,,2.0,,
36,,0.7449113173343417,,,,,,,,2.0,,
37,,0.4714642772665324,,,,,,,,2.0,,
38,,0.6275738184533859,,,,,,,,2.0,,
39,,1.5434545011105933,,,,,,,,2.0,,
40,,0.5589468312634814,,,,,,,,2.0,,
41,,1.6719558034194861,,,,,,,,2.0,,
42,,0.7871265940323285,,,,,,,,2.0,,
43,,0.34482491847557817,,,,,,,,2.0,,
44,,0.4086512824591658,,,,,,,,,,
45,,1.6675201062246539,,,,,,,,,,
46,,0.0,,,,,,,,,,
47,,0.9541094993638265,,,,,,,,,,
48,,0.9433241501464473,,,,,,,,,,
49,,1.580241541820273,,,,,,,,,,
50,,0.24512646454032408,,,,,,,,,,
51,,1.23955639633514,,,,,,,,,,
52,,1.738457014522105,,,,,,,,,,
53,,2.0,,,,,,,,,,
54,,1.2954261712498936,,,,,,,,,,
55,,1.2114341551324708,,,,,,,,,,
56,,0.3039207672208302,,,,,,,,,,
57,,1.2296740561204929,,,,,,,,,,
58,,0.2986085672622133,,,,,,,,,,
59,,1.3281194503216693,,,,,,,,,,
60,,0.7270447075877432,,,,,,,,,,
61,,1.6993717930464654,,,,,,,,,,
62,,1.7198992706727534,,,,,,,,,,
63,,0.35935975118495167,,,,,,,,,,
64,,1.1810689032928363,,,,,,,,,,
65,,0.8676381918984885,,,,,,,,,,
66,,0.03476605110700061,,,,,,,,,,
67,,0.9906623052705549,,,,,,,,,,
68,,1.3146701049359184,,,,,,,,,,
69,,0.2443258493049071,,,,,,,,,,
70,,0.1819271781455123,,,,,,,,,,
71,,0.5500294637577126,,,,,,,,,,
72,,1.909444857606814,,,,,,,,,,
73,,0.7717007941994646,,,,,,,,,,
74,,0.3063172248456499,,,,,,,,,,
75,,0.4296283701799158,,,,,,,,,,
76,,1.1726277278479365,,,,,,,,,,
77,,0.8505099831554331,,,,,,,,,,
78,,1.3588332839643744,,,,,,,,,,
79,,1.6787909734161905,,,,,,,,,,
80,,0.1318825332581159,,,,,,,,,,
81,,0.9642482166148016,,,,,,,,,,
82,,1.0101477564983359,,,,,,,,,,
83,,0.790551937151049,,,,,,,,,,
84,,0.9138182037045944,,,,,,,,,,
85,,1.8383800582210963,,,,,,,,,,
86,,1.0340320134005825,,,,,,,,,,
87,,1.3068842574610164,,,,,,,,,,
88,,0.15750712851785492,,,,,,,,,,
89,,1.6845271708286569,,,,,,,,,,
90,,1.3109716941480074,,,,,,,,,,
91,,1.2587373085044402,,,,,,,,,,
92,,1.1186691589040025,,,,,,,,,,
93,,0.22344313307099523,,,,,,,,,,
94,,1.5643153014488735,,,,,,,,,,
95,,0.9346929301440714,,,,,,,,,,
96,,0.6444751982112853,,,,,,,,,,
97,,1.3612765652404213,,,,,,,,,,
98,,1.0917030591833372,,,,,,,,,,
99,,1.8217582545736277,,,,,,,,,,
100,,0.24852401591769,,,,,,,,,,
101,,1.7191832509428804,,,,,,,,,,
102,,0.03622530751036811,,,,,,,,,,
103,,1.1675114140498246,,,,,,,,,,
104,,0.9618190857112576,,,,,,,,,,
105,,0.8837359700639967,,,,,,,,,,
106,,0.6560365389608043,,,,,,,,,,
107,,0.4407301718890858,,,,,,,,,,
108,,1.7512641881407314,,,,,,,,,,
109,,0.44612284834534216,,,,,,,,,,
110,,1.0609567816070318,,,,,,,,,,
111,,1.507882551155904,,,,,,,,,,
112,,1.4319565415040092,,,,,,,,,,
113,,1.0050939662450604,,,,,,,,,,
114,,1.1496322101191299,,,,,,,,,,
115,,1.3935180405785856,,,,,,,,,,
116,,1.4812072339380764,,,,,,,,,,
117,,1.5413115738628846,,,,,,,,,,
118,,1.5504748323810023,,,,,,,,,,
119,,1.3622121980380808,,,,,,,,,,
120,,0.9837572757671821,,,,,,,,,,
121,,0.8331184949726355,,,,,,,,,,
122,,0.8067492845949836,,,,,,,,,,
123,,1.5938120744286133,,,,,,,,,,
124,,0.9284216581287869,,,,,,,,,,
125,,1.0129993593201485,,,,,,,,,,
126,,1.6168520204684267,,,,,,,,,,
127,,1.4047246301133356,,,,,,,,,,
128,,1.7445674764233665,,,,,,,,,,
129,,0.13680694803952484,,,,,,,,,,
130,,0.9808423528615643,,,,,,,,,,
131,,1.1830614891453695,,,,,,,,,,
132,,0.08502553454838453,,,,,,,,,,
133,,1.3104707641511313,,,,,,,,,,
134,,0.23949084019115494,,,,,,,,,,
135,,0.9542861220106731,,,,,,,,,,
136,,0.6885076676263342,,,,,,,,,,
137,,1.5704566690473227,,,,,,,,,,
138,,1.812932052248117,,,,,,,,,,
139,,0.5222618465853366,,,,,,,,,,
140,,1.676718640882611,,,,,,,,,,
141,,1.5460605920879993,,,,,,,,,,
142,,0.6773898064688509,,,,,,,,,,
143,,0.26507803912514327,,,,,,,,,,
144,,0.6241104237776898,,,,,,,,,,
145,,1.2665407727523665,,,,,,,,,,
146,,1.3001052929541799,,,,,,,,,,
147,,1.427468212952993,,,,,,,,,,
148,,0.07505291386403501,,,,,,,,,,
149,,0.3319689425102908,,,,,,,,,,
150,,0.5783297431253224,,,,,,,,,,
151,,0.9668015493285452,,,,,,,,,,
152,,1.934094602841793,,,,,,,,,,
153,,1.9727692847310379,,,,,,,,,,
154,,0.39657182414272163,,,,,,,,,,
155,,1.9839993625349888,,,,,,,,,,
156,,1.126991280466048,,,,,,,,,,
157,,1.6357012118554903,,,,,,,,,,
158,,1.95963739193936,,,,,,,,,,
159,,1.3016904829140878,,,,,,,,,,
160,,1.101222932110351,,,,,,,,,,
161,,1.2753663365586105,,,,,,,,,,
162,,0.014651761458341739,,,,,,,,,,
163,,0.5507614561186336,,,,,,,,,,
164,,1.3401410891252652,,,,,,,,,,
165,,1.5775129518246545,,,,,,,,,,
166,,0.9897785039337518,,,,,,,,,,
167,,1.299330561373806,,,,,,,,,,
168,,1.383828766507907,,,,,,,,,,
169,,0.49662555571303424,,,,,,,,,,
170,,1.010295435514712,,,,,,,,,,
171,,0.5044365134217006,,,,,,,,,,
172,,1.9459852774094921,,,,,,,,,,
173,,1.9107885201941073,,,,,,,,,,
174,,0.6802837000051476,,,,,,,,,,
175,,1.2903924771164375,,,,,,,,,,
176,,1.8127811331981372,,,,,,,,,,
177,,1.2563195416455983,,,,,,,,,,
178,,0.5465173069016718,,,,,,,,,,
179,,1.9611162672888995,,,,,,,,,,
180,,0.09540806726315032,,,,,,,,,,
181,,1.1360003594127759,,,,,,,,,,
182,,0.18210350730747193,,,,,,,,,,
183,,1.9068517669398748,,,,,,,,,,
184,,1.4102530336854902,,,,,,,,,,
185,,0.5517751448288406,,,,,,,,,,
186,,1.5154931589070342,,,,,,,,,,
187,,1.4850585329092532,,,,,,,,,,
188,,1.495898225898494,,,,,,,,,,
189,,0.06666881576504119,,,,,,,,,,
190,,1.191822494675138,,,,,,,,,,
191,,0.1969553363312535,,,,,,,,,,
192,,0.902733520878738,,,,,,,,,,
193,,0.6602855013869748,,,,,,,,,,
194,,0.5744800737192035,,,,,,,,,,
195,,0.37291267449399457,,,,,,,,,,
196,,0.9016758771013986,,,,,,,,,,
197,,0.6981946104977703,,,,,,,,,,
198,,1.8703676955745077,,,,,,,,,,
199,,0.3954673819039918,,,,,,,,,,
200,,0.9153762610881412,,,,,,,,,,
201,,1.0051782049179487,,,,,,,,,,
202,,0.307050983453935,,,,,,,,,,
203,,1.1931356645762965,,,,,,,,,,
204,,0.1365369672959995,,,,,,,,,,
205,,0.3628941523109519,,,,,,,,,,
206,,1.6316372402289432,,,,,,,,,,
207,,0.2677213968902141,,,,,,,,,,
208,,1.6043218729449988,,,,,,,,,,
209,,0.5995461270290126,,,,,,,,,,
210,,1.5114137542627737,,,,,,,,,,
211,,0.14939170184175724,,,,,,,,,,
212,,1.491288044485871,,,,,,,,,,
213,,0.9552760412998812,,,,,,,,,,
214,,0.8562030229141693,,,,,,,,,,
215,,0.5779514943928168,,,,,,,,,,
216,,0.04724243427600517,,,,,,,,,,
217,,0.6631191599185964,,,,,,,,,,
218,,1.2081698959454603,,,,,,,,,,
219,,1.8886359061108204,,,,,,,,,,
