,n_start,xs,fval,best_par,nominal_par,par_names,opt_lh,conv_points,comp_time,opt_interval,startpoints,options
0,10.0,0.6173206644166582,664.7725512894833,0.6173206644166582,0.181256315,delta_EL,538.1054974386014,0.0,0.0,0.0,,modelSelection run:3
1,,0.12671824226238435,664.7728052943914,0.12671824226238435,0.009697564740000001,delta_LM,,,,0.0,,
2,,0.0,664.7734675082518,0.0,0.00515080856,delta_NE,,,,0.0,,
3,,1.7443931674931925,666.6489185554481,1.7443931674931925,1.69961868e-05,mu_EE,,,,0.0,,
4,,0.0,666.6489325738938,0.0,4.34294518e-11,mu_LE,,,,0.0,,
5,,1.1182887091574665,666.6489507945023,1.1182887091574665,3.52437287e-06,mu_LL,,,,0.0,,
6,,0.24549499583015927,666.6489577989354,0.24549499583015927,0.240526112,mu_N,,,,0.0,,
7,,0.782074298961063,666.6489940667084,0.782074298961063,4.342923230000001e-06,mu_P,,,,0.0,,
8,,1.9999983612997017,672.991852655939,1.9999983612997017,6.13435703e-11,mu_PE,,,,0.0,,
9,,1.9999983612997017,746.3436734916966,1.9999983612997017,1.57821086e-05,mu_PL,,,,0.0,,
10,,0.15715223488814678,,0.15715223488814678,0.178233035,rho_E,,,,0.0,,
11,,0.7621966757427707,,0.7621966757427707,0.0516858128,rho_P,,,,0.0,,
12,,0.0,,0.0,0.0,delta_NM,,,,0.0,,
13,,0.0,,0.0,0.0,delta_NL,,,,0.0,,
14,,0.9153482724825195,,0.9153482724825195,0.0,delta_EM,,,,0.0,,
15,,1.6206216281492563,,1.6206216281492563,0.0,delta_ME,,,,0.0,,
16,,0.13640505827930358,,0.13640505827930358,0.0,delta_LE,,,,0.0,,
17,,0.6264183345154589,,0.6264183345154589,0.0,delta_ML,,,,0.0,,
18,,0.6086051412098143,,0.6086051412098143,0.0,mu_E,,,,0.0,,
19,,0.9472033536137198,,0.9472033536137198,0.0,mu_M,,,,0.0,,
20,,0.32473043996344003,,0.32473043996344003,0.0,mu_L,,,,0.0,,
21,,0.9216939917454446,,0.9216939917454446,0.0,mu_EL,,,,0.0,,
22,,0.3398678032378085,,,,,,,,2.0,,
23,,1.4242508563236997,,,,,,,,2.0,,
24,,0.29482963725686767,,,,,,,,2.0,,
25,,0.8613961755053113,,,,,,,,2.0,,
26,,1.2312532128692433,,,,,,,,2.0,,
27,,0.3130043325360563,,,,,,,,2.0,,
28,,0.24538381068070025,,,,,,,,2.0,,
29,,0.3570047768470205,,,,,,,,2.0,,
30,,2.0,,,,,,,,2.0,,
31,,1.6521518069949057,,,,,,,,2.0,,
32,,0.7313173481793008,,,,,,,,2.0,,
33,,0.7165475366136926,,,,,,,,2.0,,
34,,0.0,,,,,,,,2.0,,
35,,0.23053499701439367,,,,,,,,2.0,,
36,,0.7449112552102732,,,,,,,,2.0,,
37,,0.47146426092934257,,,,,,,,2.0,,
38,,0.6275738036599787,,,,,,,,2.0,,
39,,1.5434543060633932,,,,,,,,2.0,,
40,,0.5589467904709214,,,,,,,,2.0,,
41,,1.6719555389937066,,,,,,,,2.0,,
42,,0.7871265497534454,,,,,,,,2.0,,
43,,0.34482485007362695,,,,,,,,2.0,,
44,,0.4086512679021406,,,,,,,,,,
45,,1.6675196806266337,,,,,,,,,,
46,,0.0,,,,,,,,,,
47,,0.9541094479532799,,,,,,,,,,
48,,0.9433240953875802,,,,,,,,,,
49,,1.5802378818949214,,,,,,,,,,
50,,0.24512597302598144,,,,,,,,,,
51,,1.2395564052652703,,,,,,,,,,
52,,1.7384567422646042,,,,,,,,,,
53,,2.0,,,,,,,,,,
54,,1.2954260590024147,,,,,,,,,,
55,,1.2114340157991947,,,,,,,,,,
56,,0.3039185779912122,,,,,,,,,,
57,,1.2296650876069324,,,,,,,,,,
58,,0.2986085558703846,,,,,,,,,,
59,,1.3281193437991246,,,,,,,,,,
60,,0.7270446782798894,,,,,,,,,,
61,,1.6993715430831753,,,,,,,,,,
62,,1.7198989695345044,,,,,,,,,,
63,,0.35935973788867537,,,,,,,,,,
64,,1.1810687581649382,,,,,,,,,,
65,,0.8676381458736934,,,,,,,,,,
66,,0.034765120441378056,,,,,,,,,,
67,,0.9906538973513386,,,,,,,,,,
68,,1.3146523755132566,,,,,,,,,,
69,,0.24432434147150484,,,,,,,,,,
70,,0.18192587211078137,,,,,,,,,,
71,,0.5500264154648642,,,,,,,,,,
72,,1.9093751211853085,,,,,,,,,,
73,,0.771695715790877,,,,,,,,,,
74,,0.30631548566501055,,,,,,,,,,
75,,0.42962605994719205,,,,,,,,,,
76,,1.1726149442489755,,,,,,,,,,
77,,0.8505038942862967,,,,,,,,,,
78,,1.358813656806354,,,,,,,,,,
79,,1.6787499708416724,,,,,,,,,,
80,,0.1318813693730042,,,,,,,,,,
81,,0.964240304828762,,,,,,,,,,
82,,1.0101389627524917,,,,,,,,,,
83,,0.7905466334536148,,,,,,,,,,
84,,0.9138111592935603,,,,,,,,,,
85,,1.8383208479813566,,,,,,,,,,
86,,1.034022722494415,,,,,,,,,,
87,,1.3068668430494266,,,,,,,,,,
88,,0.15750588463352372,,,,,,,,,,
89,,1.6844856253691785,,,,,,,,,,
90,,1.3109541148325652,,,,,,,,,,
91,,1.2587217187501836,,,,,,,,,,
92,,1.1186578682424408,,,,,,,,,,
93,,0.22344169582331352,,,,,,,,,,
94,,1.564283799508953,,,,,,,,,,
95,,0.9346855388680861,,,,,,,,,,
96,,0.6444714093876426,,,,,,,,,,
97,,1.3612568270828276,,,,,,,,,,
98,,1.0916924488531936,,,,,,,,,,
99,,1.82170126762573,,,,,,,,,,
100,,0.2485224936009145,,,,,,,,,,
101,,1.7191382522947254,,,,,,,,,,
102,,0.03622437285016239,,,,,,,,,,
103,,1.1674987778168562,,,,,,,,,,
104,,0.9618112182942495,,,,,,,,,,
105,,0.8837293953325238,,,,,,,,,,
106,,0.65603259075428,,,,,,,,,,
107,,0.44072780062405986,,,,,,,,,,
108,,1.7512157370401296,,,,,,,,,,
109,,0.4461204488012234,,,,,,,,,,
110,,1.0609468964691486,,,,,,,,,,
111,,1.5078548877792983,,,,,,,,,,
112,,1.4319333152053537,,,,,,,,,,
113,,1.0050852742366405,,,,,,,,,,
114,,1.149620085789287,,,,,,,,,,
115,,1.3934967816255905,,,,,,,,,,
116,,1.481181218557772,,,,,,,,,,
117,,1.5412816970821654,,,,,,,,,,
118,,1.550444318535749,,,,,,,,,,
119,,1.3621924175818363,,,,,,,,,,
120,,0.9837490004714021,,,,,,,,,,
121,,0.833112645116354,,,,,,,,,,
122,,0.8067437793575997,,,,,,,,,,
123,,1.5937783586196046,,,,,,,,,,
124,,0.9284143728178482,,,,,,,,,,
125,,1.0129905076442967,,,,,,,,,,
126,,1.6168164677192558,,,,,,,,,,
127,,1.4047028154578982,,,,,,,,,,
128,,1.744519768953952,,,,,,,,,,
129,,0.1368057708821711,,,,,,,,,,
130,,0.9808341329222189,,,,,,,,,,
131,,1.1830483947080486,,,,,,,,,,
132,,0.08502448966641554,,,,,,,,,,
133,,1.3104532053381939,,,,,,,,,,
134,,0.2394893490512584,,,,,,,,,,
135,,0.9542783896331716,,,,,,,,,,
136,,0.6885034745316557,,,,,,,,,,
137,,1.5704247184856226,,,,,,,,,,
138,,1.812876211729602,,,,,,,,,,
139,,0.5222589870918855,,,,,,,,,,
140,,1.676677833491455,,,,,,,,,,
141,,1.546030386813407,,,,,,,,,,
142,,0.6773857193540517,,,,,,,,,,
143,,0.2650764574928076,,,,,,,,,,
144,,0.6241068085378378,,,,,,,,,,
145,,1.2665249031646935,,,,,,,,,,
146,,1.3000881481731417,,,,,,,,,,
147,,1.4274452255199934,,,,,,,,,,
148,,0.07505189273558972,,,,,,,,,,
149,,0.3319670974759891,,,,,,,,,,
150,,0.5783264894564336,,,,,,,,,,
151,,0.9667935907171906,,,,,,,,,,
152,,1.9340207939534928,,,,,,,,,,
153,,1.9726886017279543,,,,,,,,,,
154,,0.396569683228749,,,,,,,,,,
155,,1.9839165660823848,,,,,,,,,,
156,,1.126979772013591,,,,,,,,,,
157,,1.6356640821002415,,,,,,,,,,
158,,1.9595591119783407,,,,,,,,,,
159,,1.3016732755214415,,,,,,,,,,
160,,1.1012120866322175,,,,,,,,,,
161,,1.2753501411797892,,,,,,,,,,
162,,0.014650872913423832,,,,,,,,,,
163,,0.5507584026836392,,,,,,,,,,
164,,1.340122288799344,,,,,,,,,,
165,,1.5774804779063523,,,,,,,,,,
166,,0.9897701131074252,,,,,,,,,,
167,,1.299313447230487,,,,,,,,,,
168,,1.3838079765942823,,,,,,,,,,
169,,0.4966228601291897,,,,,,,,,,
170,,1.0102866387781122,,,,,,,,,,
171,,0.5044337689181723,,,,,,,,,,
172,,1.9459094198375813,,,,,,,,,,
173,,1.91071856768764,,,,,,,,,,
174,,0.6802795855652295,,,,,,,,,,
175,,1.290375711591913,,,,,,,,,,
176,,1.8127811331981372,,,,,,,,,,
177,,1.2563195416455983,,,,,,,,,,
178,,0.5465173069016718,,,,,,,,,,
179,,1.9611162672888995,,,,,,,,,,
180,,0.09540806726315032,,,,,,,,,,
181,,1.1360003594127759,,,,,,,,,,
182,,0.18210350730747193,,,,,,,,,,
183,,1.9068517669398748,,,,,,,,,,
184,,1.4102530336854902,,,,,,,,,,
185,,0.5517751448288406,,,,,,,,,,
186,,1.5154931589070342,,,,,,,,,,
187,,1.4850585329092532,,,,,,,,,,
188,,1.495898225898494,,,,,,,,,,
189,,0.06666881576504119,,,,,,,,,,
190,,1.191822494675138,,,,,,,,,,
191,,0.1969553363312535,,,,,,,,,,
192,,0.902733520878738,,,,,,,,,,
193,,0.6602855013869748,,,,,,,,,,
194,,0.5744800737192035,,,,,,,,,,
195,,0.37291267449399457,,,,,,,,,,
196,,0.9016758771013986,,,,,,,,,,
197,,0.6981946104977703,,,,,,,,,,
198,,1.8703676955745077,,,,,,,,,,
199,,0.3954673819039918,,,,,,,,,,
200,,0.9153762610881412,,,,,,,,,,
201,,1.0051782049179487,,,,,,,,,,
202,,0.307050983453935,,,,,,,,,,
203,,1.1931356645762965,,,,,,,,,,
204,,0.1365369672959995,,,,,,,,,,
205,,0.3628941523109519,,,,,,,,,,
206,,1.6316372402289432,,,,,,,,,,
207,,0.2677213968902141,,,,,,,,,,
208,,1.6043218729449988,,,,,,,,,,
209,,0.5995461270290126,,,,,,,,,,
210,,1.5114137542627737,,,,,,,,,,
211,,0.14939170184175724,,,,,,,,,,
212,,1.491288044485871,,,,,,,,,,
213,,0.9552760412998812,,,,,,,,,,
214,,0.8562030229141693,,,,,,,,,,
215,,0.5779514943928168,,,,,,,,,,
216,,0.04724243427600517,,,,,,,,,,
217,,0.6631191599185964,,,,,,,,,,
218,,1.2081698959454603,,,,,,,,,,
219,,1.8886359061108204,,,,,,,,,,
