,n_start,xs,fval,best_par,nominal_par,par_names,opt_lh,conv_points,comp_time,opt_interval,startpoints,options
0,10.0,0.007238624898436457,294.14094395869927,0.007238624898436457,0.181256315,delta_EL,198.8366907701635,0.0,0.0,0.0,,modelSelection run:17
1,,0.0,295.29559307415735,0.0,0.009697564740000001,delta_LM,,,,0.0,,
2,,0.020147411985669574,295.7551566715065,0.020147411985669574,0.00515080856,delta_NE,,,,0.0,,
3,,0.0,296.95039189556974,0.0,1.69961868e-05,mu_EE,,,,0.0,,
4,,0.0,297.60267034564134,0.0,4.34294518e-11,mu_LE,,,,0.0,,
5,,0.0,300.3467761100006,0.0,3.52437287e-06,mu_LL,,,,0.0,,
6,,0.2008726629555676,309.4139295397439,0.2008726629555676,0.240526112,mu_N,,,,0.0,,
7,,0.0013894232174547394,309.6222372279812,0.0013894232174547394,4.342923230000001e-06,mu_P,,,,0.0,,
8,,0.0,320.17779172789585,0.0,6.13435703e-11,mu_PE,,,,0.0,,
9,,0.0,320.41707369326986,0.0,1.57821086e-05,mu_PL,,,,0.0,,
10,,0.011051651723962731,,0.011051651723962731,0.178233035,rho_E,,,,0.0,,
11,,0.015122922543234291,,0.015122922543234291,0.0516858128,rho_P,,,,0.0,,
12,,0.05928197248663984,,0.05928197248663984,0.0,delta_NM,,,,0.0,,
13,,0.002555044368508279,,0.002555044368508279,0.0,delta_NL,,,,0.0,,
14,,0.012573404028686862,,0.012573404028686862,0.0,delta_EM,,,,0.0,,
15,,0.02039287819452268,,0.02039287819452268,0.0,delta_ME,,,,0.0,,
16,,0.0222824034829103,,0.0222824034829103,0.0,delta_LE,,,,0.0,,
17,,0.09600447283733471,,0.09600447283733471,0.0,delta_ML,,,,0.0,,
18,,0.0,,0.0,0.0,mu_E,,,,0.0,,
19,,0.00015429514533291837,,0.00015429514533291837,0.0,mu_M,,,,0.0,,
20,,0.0,,0.0,0.0,mu_L,,,,0.0,,
21,,0.0,,0.0,0.0,mu_EL,,,,0.0,,
22,,5.437211818739465e-07,,,,,,,,2.0,,
23,,0.0,,,,,,,,2.0,,
24,,0.0,,,,,,,,2.0,,
25,,0.0,,,,,,,,2.0,,
26,,0.0,,,,,,,,2.0,,
27,,0.0,,,,,,,,2.0,,
28,,0.20865539614222087,,,,,,,,2.0,,
29,,0.0,,,,,,,,2.0,,
30,,0.0045359542714689645,,,,,,,,2.0,,
31,,0.0,,,,,,,,2.0,,
32,,0.0,,,,,,,,2.0,,
33,,0.025828174414703472,,,,,,,,2.0,,
34,,0.1476975370356579,,,,,,,,2.0,,
35,,0.0,,,,,,,,2.0,,
36,,3.3217223912767494e-12,,,,,,,,2.0,,
37,,0.020186121704100023,,,,,,,,2.0,,
38,,0.056792405469391086,,,,,,,,2.0,,
39,,0.0937285896557646,,,,,,,,2.0,,
40,,0.0,,,,,,,,2.0,,
41,,0.0,,,,,,,,2.0,,
42,,0.0,,,,,,,,2.0,,
43,,0.0,,,,,,,,2.0,,
44,,0.07078071623539756,,,,,,,,,,
45,,0.006918442715305805,,,,,,,,,,
46,,0.0012388809110764891,,,,,,,,,,
47,,0.0,,,,,,,,,,
48,,0.0,,,,,,,,,,
49,,0.0,,,,,,,,,,
50,,0.21115638813832635,,,,,,,,,,
51,,6.543064797997357e-05,,,,,,,,,,
52,,0.0003275493542906758,,,,,,,,,,
53,,3.6640040201859164e-05,,,,,,,,,,
54,,0.0003099137465361668,,,,,,,,,,
55,,5.031697197850231e-06,,,,,,,,,,
56,,0.11700867788380553,,,,,,,,,,
57,,0.0,,,,,,,,,,
58,,0.00032380215337355435,,,,,,,,,,
59,,0.0,,,,,,,,,,
60,,0.12491877082643785,,,,,,,,,,
61,,0.12908778592308207,,,,,,,,,,
62,,0.0,,,,,,,,,,
63,,0.0,,,,,,,,,,
64,,0.0,,,,,,,,,,
65,,0.0,,,,,,,,,,
66,,0.004930216772185549,,,,,,,,,,
67,,6.843600590997499e-11,,,,,,,,,,
68,,0.0,,,,,,,,,,
69,,0.0,,,,,,,,,,
70,,0.0,,,,,,,,,,
71,,0.0,,,,,,,,,,
72,,0.2245096453999445,,,,,,,,,,
73,,1.094624274904711e-08,,,,,,,,,,
74,,0.05529513512429931,,,,,,,,,,
75,,5.6290909772363196e-05,,,,,,,,,,
76,,0.0,,,,,,,,,,
77,,0.008527163563597494,,,,,,,,,,
78,,0.12171210926612878,,,,,,,,,,
79,,0.24981620712978764,,,,,,,,,,
80,,0.0,,,,,,,,,,
81,,0.030419930669181854,,,,,,,,,,
82,,0.040738177830076945,,,,,,,,,,
83,,0.01458968265582328,,,,,,,,,,
84,,0.0,,,,,,,,,,
85,,0.0,,,,,,,,,,
86,,0.0,,,,,,,,,,
87,,0.0,,,,,,,,,,
88,,0.0033955673324050925,,,,,,,,,,
89,,8.088242242248366e-05,,,,,,,,,,
90,,0.055319922978348895,,,,,,,,,,
91,,0.00023919725248794613,,,,,,,,,,
92,,0.0,,,,,,,,,,
93,,0.0,,,,,,,,,,
94,,0.1537822624116559,,,,,,,,,,
95,,0.0,,,,,,,,,,
96,,0.0,,,,,,,,,,
97,,0.0,,,,,,,,,,
98,,0.0282444603815751,,,,,,,,,,
99,,0.009828482040558568,,,,,,,,,,
100,,0.055171045509383815,,,,,,,,,,
101,,0.004888014911669113,,,,,,,,,,
102,,0.0,,,,,,,,,,
103,,0.010278359461061485,,,,,,,,,,
104,,6.823961446008277e-05,,,,,,,,,,
105,,0.09144600800000607,,,,,,,,,,
106,,0.0,,,,,,,,,,
107,,0.0006960779343321924,,,,,,,,,,
108,,0.0,,,,,,,,,,
109,,0.0,,,,,,,,,,
110,,0.0,,,,,,,,,,
111,,0.0,,,,,,,,,,
112,,0.001658427312294854,,,,,,,,,,
113,,0.0,,,,,,,,,,
114,,0.0005905578607999128,,,,,,,,,,
115,,0.0,,,,,,,,,,
116,,0.2037029770047072,,,,,,,,,,
117,,0.0,,,,,,,,,,
118,,0.0,,,,,,,,,,
119,,0.0,,,,,,,,,,
120,,0.0,,,,,,,,,,
121,,0.015235418802017254,,,,,,,,,,
122,,0.05571496799984059,,,,,,,,,,
123,,0.0,,,,,,,,,,
124,,0.0,,,,,,,,,,
125,,0.0,,,,,,,,,,
126,,0.0,,,,,,,,,,
127,,0.09979769352033817,,,,,,,,,,
128,,0.0,,,,,,,,,,
129,,0.0,,,,,,,,,,
130,,0.0,,,,,,,,,,
131,,0.0017180762682060256,,,,,,,,,,
132,,0.0003812386056171993,,,,,,,,,,
133,,2.007780786521563e-05,,,,,,,,,,
134,,1.4031088534746255e-07,,,,,,,,,,
135,,0.0,,,,,,,,,,
136,,5.650958954001895e-14,,,,,,,,,,
137,,0.00012536086705196165,,,,,,,,,,
138,,0.0002647923854100318,,,,,,,,,,
139,,0.0004361593051720747,,,,,,,,,,
140,,0.0002765911035806533,,,,,,,,,,
141,,4.695369797203794e-06,,,,,,,,,,
142,,8.829995689615652e-06,,,,,,,,,,
143,,0.00039881303990825317,,,,,,,,,,
144,,2.170230642529823e-05,,,,,,,,,,
145,,0.2526316090038581,,,,,,,,,,
146,,0.00040226630713782686,,,,,,,,,,
147,,0.0,,,,,,,,,,
148,,0.0,,,,,,,,,,
149,,0.0003827719889752343,,,,,,,,,,
150,,0.00037695890118599,,,,,,,,,,
151,,0.0003826208919901605,,,,,,,,,,
152,,0.00016351505998343156,,,,,,,,,,
153,,0.00039873902800981615,,,,,,,,,,
154,,0.0,,,,,,,,,,
155,,0.0484022253425272,,,,,,,,,,
156,,0.0,,,,,,,,,,
157,,7.759763705487018e-06,,,,,,,,,,
158,,0.18218470791527133,,,,,,,,,,
159,,0.03832660987385368,,,,,,,,,,
160,,0.20138433416626966,,,,,,,,,,
161,,0.0,,,,,,,,,,
162,,1.3191174200989969e-05,,,,,,,,,,
163,,0.0,,,,,,,,,,
164,,0.16409605688198414,,,,,,,,,,
165,,0.005693146372374919,,,,,,,,,,
166,,0.0855082517635052,,,,,,,,,,
167,,0.024719856644882805,,,,,,,,,,
168,,0.034806273048093944,,,,,,,,,,
169,,0.09000329247954508,,,,,,,,,,
170,,0.18321027302973256,,,,,,,,,,
171,,0.09917930648239706,,,,,,,,,,
172,,0.0,,,,,,,,,,
173,,1.800207160013789e-06,,,,,,,,,,
174,,0.10608244265012443,,,,,,,,,,
175,,0.0931755940682856,,,,,,,,,,
176,,0.0,,,,,,,,,,
177,,0.07486750400252364,,,,,,,,,,
178,,0.05144095154130696,,,,,,,,,,
179,,0.0,,,,,,,,,,
180,,0.041616507388194314,,,,,,,,,,
181,,0.04320362248402669,,,,,,,,,,
182,,0.11539699470156281,,,,,,,,,,
183,,0.0515415825979129,,,,,,,,,,
184,,0.0,,,,,,,,,,
185,,0.004787390598407165,,,,,,,,,,
186,,0.06955377175043624,,,,,,,,,,
187,,0.05862828461292375,,,,,,,,,,
188,,0.06014775967705002,,,,,,,,,,
189,,0.08067136022280488,,,,,,,,,,
190,,0.006259399616386755,,,,,,,,,,
191,,0.06838279097324654,,,,,,,,,,
192,,0.08409165332565595,,,,,,,,,,
193,,0.013816132737375735,,,,,,,,,,
194,,0.0,,,,,,,,,,
195,,0.08242528840391565,,,,,,,,,,
196,,0.07235625172214463,,,,,,,,,,
197,,0.011873453074461315,,,,,,,,,,
198,,0.0,,,,,,,,,,
199,,0.0,,,,,,,,,,
200,,0.0,,,,,,,,,,
201,,0.0,,,,,,,,,,
202,,0.0,,,,,,,,,,
203,,0.0,,,,,,,,,,
204,,0.6489212056682577,,,,,,,,,,
205,,0.0,,,,,,,,,,
206,,0.0,,,,,,,,,,
207,,0.04674745105258675,,,,,,,,,,
208,,0.0,,,,,,,,,,
209,,0.0,,,,,,,,,,
210,,0.04920074858712308,,,,,,,,,,
211,,0.5553504482983982,,,,,,,,,,
212,,0.0,,,,,,,,,,
213,,0.0,,,,,,,,,,
214,,0.0,,,,,,,,,,
215,,0.0,,,,,,,,,,
216,,0.0,,,,,,,,,,
217,,0.0,,,,,,,,,,
218,,0.0,,,,,,,,,,
219,,0.0,,,,,,,,,,
