,n_start,xs,fval,best_par,nominal_par,par_names,opt_lh,conv_points,comp_time,opt_interval,startpoints,options
0,10.0,6.208763279911466e-08,519.0191984883785,6.208763279911466e-08,0.181256315,delta_EL,415.83042872258545,0.0,0.0,0.0,,modelSelection run:8
1,,0.01737554279793334,519.4424708884338,0.01737554279793334,0.009697564740000001,delta_LM,,,,0.0,,
2,,0.10234881569191714,530.8803008822492,0.10234881569191714,0.00515080856,delta_NE,,,,0.0,,
3,,5.610559834248334e-06,537.7499368248507,5.610559834248334e-06,1.69961868e-05,mu_EE,,,,0.0,,
4,,0.0004841401227381637,538.5889623730819,0.0004841401227381637,4.34294518e-11,mu_LE,,,,0.0,,
5,,0.0,541.8165221884705,0.0,3.52437287e-06,mu_LL,,,,0.0,,
6,,0.1803556849668555,542.4882139777117,0.1803556849668555,0.240526112,mu_N,,,,0.0,,
7,,0.02272281416896362,542.5026566365764,0.02272281416896362,4.342923230000001e-06,mu_P,,,,0.0,,
8,,0.00040380119112213756,550.7476048187656,0.00040380119112213756,6.13435703e-11,mu_PE,,,,0.0,,
9,,0.0,624.0950973829304,0.0,1.57821086e-05,mu_PL,,,,0.0,,
10,,0.01314042566969676,,0.01314042566969676,0.178233035,rho_E,,,,0.0,,
11,,0.0026418211421040984,,0.0026418211421040984,0.0516858128,rho_P,,,,0.0,,
12,,0.09097166416943409,,0.09097166416943409,0.0,delta_NM,,,,0.0,,
13,,0.0,,0.0,0.0,delta_NL,,,,0.0,,
14,,0.019002145895630623,,0.019002145895630623,0.0,delta_EM,,,,0.0,,
15,,0.0,,0.0,0.0,delta_ME,,,,0.0,,
16,,0.0,,0.0,0.0,delta_LE,,,,0.0,,
17,,0.11812359456006838,,0.11812359456006838,0.0,delta_ML,,,,0.0,,
18,,0.007539512727878319,,0.007539512727878319,0.0,mu_E,,,,0.0,,
19,,0.0,,0.0,0.0,mu_M,,,,0.0,,
20,,0.0,,0.0,0.0,mu_L,,,,0.0,,
21,,0.008560525023331378,,0.008560525023331378,0.0,mu_EL,,,,0.0,,
22,,0.9207382789617224,,,,,,,,2.0,,
23,,0.6861360447741033,,,,,,,,2.0,,
24,,0.45022309166244295,,,,,,,,2.0,,
25,,0.10031393298382894,,,,,,,,2.0,,
26,,0.21645883214296952,,,,,,,,2.0,,
27,,0.0,,,,,,,,2.0,,
28,,0.23696821706063356,,,,,,,,2.0,,
29,,1.1119393922504466,,,,,,,,2.0,,
30,,0.9431201989683654,,,,,,,,2.0,,
31,,0.6695633003410144,,,,,,,,2.0,,
32,,0.2969626405165599,,,,,,,,2.0,,
33,,0.13005420222330508,,,,,,,,2.0,,
34,,1.8031692104166994,,,,,,,,2.0,,
35,,0.8977596733859697,,,,,,,,2.0,,
36,,1.298764074354793,,,,,,,,2.0,,
37,,0.0,,,,,,,,2.0,,
38,,0.0,,,,,,,,2.0,,
39,,1.1510639821966435,,,,,,,,2.0,,
40,,0.46920360323962806,,,,,,,,2.0,,
41,,0.0,,,,,,,,2.0,,
42,,0.0,,,,,,,,2.0,,
43,,0.735024877945272,,,,,,,,2.0,,
44,,0.0,,,,,,,,,,
45,,0.22778085656599306,,,,,,,,,,
46,,1.791121984347669,,,,,,,,,,
47,,0.0,,,,,,,,,,
48,,0.6274270772350501,,,,,,,,,,
49,,0.2111460158562607,,,,,,,,,,
50,,0.2393645000307809,,,,,,,,,,
51,,0.9522214486897643,,,,,,,,,,
52,,0.28128477512560296,,,,,,,,,,
53,,0.9884469722133236,,,,,,,,,,
54,,0.5144285778748782,,,,,,,,,,
55,,0.03179720504871504,,,,,,,,,,
56,,0.3183224674271713,,,,,,,,,,
57,,2.440932099052691e-09,,,,,,,,,,
58,,0.7094828568614466,,,,,,,,,,
59,,1.0309979347573275,,,,,,,,,,
60,,0.6096851994554223,,,,,,,,,,
61,,0.0,,,,,,,,,,
62,,0.0,,,,,,,,,,
63,,0.0,,,,,,,,,,
64,,0.3344139362826245,,,,,,,,,,
65,,1.2888790375197472,,,,,,,,,,
66,,0.004460289270711166,,,,,,,,,,
67,,1.3940375360795338,,,,,,,,,,
68,,0.12706242701738743,,,,,,,,,,
69,,0.11941675565655065,,,,,,,,,,
70,,0.11016502774515011,,,,,,,,,,
71,,0.015621758932496082,,,,,,,,,,
72,,0.1941997064339743,,,,,,,,,,
73,,0.26586132238089416,,,,,,,,,,
74,,0.22542389366558122,,,,,,,,,,
75,,0.4416993718328316,,,,,,,,,,
76,,0.2968434402314705,,,,,,,,,,
77,,0.6019012304307255,,,,,,,,,,
78,,1.5859401528269188,,,,,,,,,,
79,,0.5970294950699229,,,,,,,,,,
80,,1.1150380807915958,,,,,,,,,,
81,,0.1016385045227221,,,,,,,,,,
82,,0.13526421158966712,,,,,,,,,,
83,,0.08577605162970299,,,,,,,,,,
84,,0.04141497994785442,,,,,,,,,,
85,,0.028919635463965882,,,,,,,,,,
86,,0.1760244877005395,,,,,,,,,,
87,,0.50716285624374,,,,,,,,,,
88,,0.17382843854060565,,,,,,,,,,
89,,0.011179380413451142,,,,,,,,,,
90,,0.5254565900168291,,,,,,,,,,
91,,0.19218377538064943,,,,,,,,,,
92,,0.19176507867120599,,,,,,,,,,
93,,0.04153746434749003,,,,,,,,,,
94,,0.17733980237835223,,,,,,,,,,
95,,0.14794989547921153,,,,,,,,,,
96,,0.02507865801399578,,,,,,,,,,
97,,0.8725631017817976,,,,,,,,,,
98,,0.00042478197407893497,,,,,,,,,,
99,,6.512510471221604e-05,,,,,,,,,,
100,,0.710635809586545,,,,,,,,,,
101,,0.0006829843422621921,,,,,,,,,,
102,,0.11957500771384162,,,,,,,,,,
103,,0.0,,,,,,,,,,
104,,0.3199593167281579,,,,,,,,,,
105,,0.0,,,,,,,,,,
106,,0.03332887356639127,,,,,,,,,,
107,,0.09596158265498946,,,,,,,,,,
108,,0.014657038191813817,,,,,,,,,,
109,,0.13011025880406418,,,,,,,,,,
110,,0.0,,,,,,,,,,
111,,0.43275350298459864,,,,,,,,,,
112,,0.4246839148849425,,,,,,,,,,
113,,0.0,,,,,,,,,,
114,,0.16516464159766522,,,,,,,,,,
115,,0.3408132984660875,,,,,,,,,,
116,,0.6651065629862568,,,,,,,,,,
117,,0.3169609643439385,,,,,,,,,,
118,,0.1023241216587992,,,,,,,,,,
119,,0.15281091761558593,,,,,,,,,,
120,,0.4001323821647033,,,,,,,,,,
121,,0.3385969301231784,,,,,,,,,,
122,,0.45780147417505707,,,,,,,,,,
123,,0.505035016978301,,,,,,,,,,
124,,0.0,,,,,,,,,,
125,,0.48737676704734567,,,,,,,,,,
126,,0.4851415407667359,,,,,,,,,,
127,,0.13040947530075933,,,,,,,,,,
128,,0.0,,,,,,,,,,
129,,0.5203619193966648,,,,,,,,,,
130,,0.41889390471801924,,,,,,,,,,
131,,0.13825175099601275,,,,,,,,,,
132,,0.3301544102911135,,,,,,,,,,
133,,0.0338974766326748,,,,,,,,,,
134,,0.0010781676630151702,,,,,,,,,,
135,,0.0,,,,,,,,,,
136,,0.0,,,,,,,,,,
137,,0.20821983806041863,,,,,,,,,,
138,,0.24530426663160979,,,,,,,,,,
139,,0.3623176093802267,,,,,,,,,,
140,,0.0,,,,,,,,,,
141,,0.0,,,,,,,,,,
142,,0.05761590958664873,,,,,,,,,,
143,,0.3614627691844655,,,,,,,,,,
144,,0.0011942306918933834,,,,,,,,,,
145,,0.0,,,,,,,,,,
146,,0.3449908833674682,,,,,,,,,,
147,,0.0,,,,,,,,,,
148,,0.04149565789856475,,,,,,,,,,
149,,0.3331734988840994,,,,,,,,,,
150,,0.32713586465931044,,,,,,,,,,
151,,0.3334372826198515,,,,,,,,,,
152,,0.17825298011816104,,,,,,,,,,
153,,0.34294275855426076,,,,,,,,,,
154,,0.2913434894816812,,,,,,,,,,
155,,0.9049367003238423,,,,,,,,,,
156,,0.07587433515341306,,,,,,,,,,
157,,0.6922348660767554,,,,,,,,,,
158,,0.8727352178352514,,,,,,,,,,
159,,0.2666118447359068,,,,,,,,,,
160,,0.2451467368730066,,,,,,,,,,
161,,0.30766491136775337,,,,,,,,,,
162,,0.5708241723433258,,,,,,,,,,
163,,0.8895433811303914,,,,,,,,,,
164,,0.6145218784629393,,,,,,,,,,
165,,0.6019231838891789,,,,,,,,,,
166,,0.0,,,,,,,,,,
167,,2.949326274027626e-06,,,,,,,,,,
168,,0.6231673852194164,,,,,,,,,,
169,,0.40613828852137246,,,,,,,,,,
170,,0.5347404225351703,,,,,,,,,,
171,,0.8870682776197046,,,,,,,,,,
172,,0.47860345676595084,,,,,,,,,,
173,,0.830503320049726,,,,,,,,,,
174,,0.6539303797614029,,,,,,,,,,
175,,0.29376963352546837,,,,,,,,,,
176,,1.8127811331981372,,,,,,,,,,
177,,1.2563195416455983,,,,,,,,,,
178,,0.5465173069016718,,,,,,,,,,
179,,1.9611162672888995,,,,,,,,,,
180,,0.09540806726315032,,,,,,,,,,
181,,1.1360003594127759,,,,,,,,,,
182,,0.18210350730747193,,,,,,,,,,
183,,1.9068517669398748,,,,,,,,,,
184,,1.4102530336854902,,,,,,,,,,
185,,0.5517751448288406,,,,,,,,,,
186,,1.5154931589070342,,,,,,,,,,
187,,1.4850585329092532,,,,,,,,,,
188,,1.495898225898494,,,,,,,,,,
189,,0.06666881576504119,,,,,,,,,,
190,,1.191822494675138,,,,,,,,,,
191,,0.1969553363312535,,,,,,,,,,
192,,0.902733520878738,,,,,,,,,,
193,,0.6602855013869748,,,,,,,,,,
194,,0.5744800737192035,,,,,,,,,,
195,,0.37291267449399457,,,,,,,,,,
196,,0.9016758771013986,,,,,,,,,,
197,,0.6981946104977703,,,,,,,,,,
198,,1.8703676955745077,,,,,,,,,,
199,,0.3954673819039918,,,,,,,,,,
200,,0.9153762610881412,,,,,,,,,,
201,,1.0051782049179487,,,,,,,,,,
202,,0.307050983453935,,,,,,,,,,
203,,1.1931356645762965,,,,,,,,,,
204,,0.1365369672959995,,,,,,,,,,
205,,0.3628941523109519,,,,,,,,,,
206,,1.6316372402289432,,,,,,,,,,
207,,0.2677213968902141,,,,,,,,,,
208,,1.6043218729449988,,,,,,,,,,
209,,0.5995461270290126,,,,,,,,,,
210,,1.5114137542627737,,,,,,,,,,
211,,0.14939170184175724,,,,,,,,,,
212,,1.491288044485871,,,,,,,,,,
213,,0.9552760412998812,,,,,,,,,,
214,,0.8562030229141693,,,,,,,,,,
215,,0.5779514943928168,,,,,,,,,,
216,,0.04724243427600517,,,,,,,,,,
217,,0.6631191599185964,,,,,,,,,,
218,,1.2081698959454603,,,,,,,,,,
219,,1.8886359061108204,,,,,,,,,,
