,n_start,xs,fval,best_par,nominal_par,par_names,opt_lh,conv_points,comp_time,opt_interval,startpoints,options
0,10.0,0.005118189550067087,366.9991614846565,0.005118189550067087,0.181256315,delta_EL,269.2105314457625,0.0,0.0,0.0,,modelSelection run:14
1,,0.00106868190868424,372.3095260843666,0.00106868190868424,0.009697564740000001,delta_LM,,,,0.0,,
2,,0.0,372.37727100759906,0.0,0.00515080856,delta_NE,,,,0.0,,
3,,0.0,375.2898539818358,0.0,1.69961868e-05,mu_EE,,,,0.0,,
4,,0.0,377.27127170080473,0.0,4.34294518e-11,mu_LE,,,,0.0,,
5,,0.0,392.87649084083364,0.0,3.52437287e-06,mu_LL,,,,0.0,,
6,,0.227169948492755,396.1104667712231,0.227169948492755,0.240526112,mu_N,,,,0.0,,
7,,7.704633040453446e-07,396.43391332746756,7.704633040453446e-07,4.342923230000001e-06,mu_P,,,,0.0,,
8,,0.056142891663317304,396.5735681455721,0.056142891663317304,6.13435703e-11,mu_PE,,,,0.0,,
9,,8.462399762801663e-06,498.4068334960558,8.462399762801663e-06,1.57821086e-05,mu_PL,,,,0.0,,
10,,0.0,,0.0,0.178233035,rho_E,,,,0.0,,
11,,0.008865168976327418,,0.008865168976327418,0.0516858128,rho_P,,,,0.0,,
12,,0.1128793564111787,,0.1128793564111787,0.0,delta_NM,,,,0.0,,
13,,0.2529833673496403,,0.2529833673496403,0.0,delta_NL,,,,0.0,,
14,,4.83544199704616e-05,,4.83544199704616e-05,0.0,delta_EM,,,,0.0,,
15,,0.029517023163699325,,0.029517023163699325,0.0,delta_ME,,,,0.0,,
16,,0.04139975964879952,,0.04139975964879952,0.0,delta_LE,,,,0.0,,
17,,0.014496380532988703,,0.014496380532988703,0.0,delta_ML,,,,0.0,,
18,,0.0,,0.0,0.0,mu_E,,,,0.0,,
19,,0.0,,0.0,0.0,mu_M,,,,0.0,,
20,,0.0,,0.0,0.0,mu_L,,,,0.0,,
21,,0.0,,0.0,0.0,mu_EL,,,,0.0,,
22,,0.018520656754427062,,,,,,,,2.0,,
23,,0.0,,,,,,,,2.0,,
24,,0.0003025659627966371,,,,,,,,2.0,,
25,,0.0011814111506989716,,,,,,,,2.0,,
26,,0.0036886709791694046,,,,,,,,2.0,,
27,,0.0,,,,,,,,2.0,,
28,,0.220899303037972,,,,,,,,2.0,,
29,,0.020988438952437023,,,,,,,,2.0,,
30,,0.012081757795169441,,,,,,,,2.0,,
31,,0.0003158708715816069,,,,,,,,2.0,,
32,,0.0024074815911455955,,,,,,,,2.0,,
33,,0.0017868065526332683,,,,,,,,2.0,,
34,,0.06959806734972947,,,,,,,,2.0,,
35,,0.005283079345187225,,,,,,,,2.0,,
36,,0.02454623296090289,,,,,,,,2.0,,
37,,0.0,,,,,,,,2.0,,
38,,0.0,,,,,,,,2.0,,
39,,0.08413683562732568,,,,,,,,2.0,,
40,,0.005788647327501338,,,,,,,,2.0,,
41,,0.0,,,,,,,,2.0,,
42,,0.0,,,,,,,,2.0,,
43,,0.008028032433986204,,,,,,,,2.0,,
44,,6.208763279911466e-08,,,,,,,,,,
45,,0.01737554279793334,,,,,,,,,,
46,,0.10234881569191714,,,,,,,,,,
47,,5.610559834248334e-06,,,,,,,,,,
48,,0.0004841401227381637,,,,,,,,,,
49,,0.0,,,,,,,,,,
50,,0.1803556849668555,,,,,,,,,,
51,,0.02272281416896362,,,,,,,,,,
52,,0.00040380119112213756,,,,,,,,,,
53,,0.0,,,,,,,,,,
54,,0.01314042566969676,,,,,,,,,,
55,,0.0026418211421040984,,,,,,,,,,
56,,0.09097166416943409,,,,,,,,,,
57,,0.0,,,,,,,,,,
58,,0.019002145895630623,,,,,,,,,,
59,,0.0,,,,,,,,,,
60,,0.0,,,,,,,,,,
61,,0.11812359456006838,,,,,,,,,,
62,,0.007539512727878319,,,,,,,,,,
63,,0.0,,,,,,,,,,
64,,0.0,,,,,,,,,,
65,,0.008560525023331378,,,,,,,,,,
66,,0.025049718865731697,,,,,,,,,,
67,,0.02839115291155542,,,,,,,,,,
68,,0.0,,,,,,,,,,
69,,0.0,,,,,,,,,,
70,,0.0,,,,,,,,,,
71,,0.0,,,,,,,,,,
72,,0.9437234951712687,,,,,,,,,,
73,,0.0,,,,,,,,,,
74,,0.0,,,,,,,,,,
75,,0.0,,,,,,,,,,
76,,0.012407606421969088,,,,,,,,,,
77,,0.012279525737348489,,,,,,,,,,
78,,0.37537592016651744,,,,,,,,,,
79,,0.03402563699108439,,,,,,,,,,
80,,0.008287637612576637,,,,,,,,,,
81,,0.0,,,,,,,,,,
82,,0.0,,,,,,,,,,
83,,0.13310646700884493,,,,,,,,,,
84,,0.040044422943202,,,,,,,,,,
85,,0.0,,,,,,,,,,
86,,0.0,,,,,,,,,,
87,,0.07032711415507428,,,,,,,,,,
88,,0.0,,,,,,,,,,
89,,0.0484022253425272,,,,,,,,,,
90,,0.0,,,,,,,,,,
91,,7.759763705487018e-06,,,,,,,,,,
92,,0.18218470791527133,,,,,,,,,,
93,,0.03832660987385368,,,,,,,,,,
94,,0.20138433416626966,,,,,,,,,,
95,,0.0,,,,,,,,,,
96,,1.3191174200989969e-05,,,,,,,,,,
97,,0.0,,,,,,,,,,
98,,0.16409605688198414,,,,,,,,,,
99,,0.005693146372374919,,,,,,,,,,
100,,0.0855082517635052,,,,,,,,,,
101,,0.024719856644882805,,,,,,,,,,
102,,0.034806273048093944,,,,,,,,,,
103,,0.09000329247954508,,,,,,,,,,
104,,0.18321027302973256,,,,,,,,,,
105,,0.09917930648239706,,,,,,,,,,
106,,0.0,,,,,,,,,,
107,,1.800207160013789e-06,,,,,,,,,,
108,,0.10608244265012443,,,,,,,,,,
109,,0.0931755940682856,,,,,,,,,,
110,,0.17382843854060565,,,,,,,,,,
111,,0.011179380413451142,,,,,,,,,,
112,,0.5254565900168291,,,,,,,,,,
113,,0.19218377538064943,,,,,,,,,,
114,,0.19176507867120599,,,,,,,,,,
115,,0.04153746434749003,,,,,,,,,,
116,,0.17733980237835223,,,,,,,,,,
117,,0.14794989547921153,,,,,,,,,,
118,,0.02507865801399578,,,,,,,,,,
119,,0.8725631017817976,,,,,,,,,,
120,,0.00042478197407893497,,,,,,,,,,
121,,6.512510471221604e-05,,,,,,,,,,
122,,0.710635809586545,,,,,,,,,,
123,,0.0006829843422621921,,,,,,,,,,
124,,0.11957500771384162,,,,,,,,,,
125,,0.0,,,,,,,,,,
126,,0.3199593167281579,,,,,,,,,,
127,,0.0,,,,,,,,,,
128,,0.03332887356639127,,,,,,,,,,
129,,0.09596158265498946,,,,,,,,,,
130,,0.014657038191813817,,,,,,,,,,
131,,0.13011025880406418,,,,,,,,,,
132,,0.004460289270711166,,,,,,,,,,
133,,1.3940375360795338,,,,,,,,,,
134,,0.12706242701738743,,,,,,,,,,
135,,0.11941675565655065,,,,,,,,,,
136,,0.11016502774515011,,,,,,,,,,
137,,0.015621758932496082,,,,,,,,,,
138,,0.1941997064339743,,,,,,,,,,
139,,0.26586132238089416,,,,,,,,,,
140,,0.22542389366558122,,,,,,,,,,
141,,0.4416993718328316,,,,,,,,,,
142,,0.2968434402314705,,,,,,,,,,
143,,0.6019012304307255,,,,,,,,,,
144,,1.5859401528269188,,,,,,,,,,
145,,0.5970294950699229,,,,,,,,,,
146,,1.1150380807915958,,,,,,,,,,
147,,0.1016385045227221,,,,,,,,,,
148,,0.13526421158966712,,,,,,,,,,
149,,0.08577605162970299,,,,,,,,,,
150,,0.04141497994785442,,,,,,,,,,
151,,0.028919635463965882,,,,,,,,,,
152,,0.1760244877005395,,,,,,,,,,
153,,0.50716285624374,,,,,,,,,,
154,,0.3301544102911135,,,,,,,,,,
155,,0.0338974766326748,,,,,,,,,,
156,,0.0010781676630151702,,,,,,,,,,
157,,0.0,,,,,,,,,,
158,,0.0,,,,,,,,,,
159,,0.20821983806041863,,,,,,,,,,
160,,0.24530426663160979,,,,,,,,,,
161,,0.3623176093802267,,,,,,,,,,
162,,0.0,,,,,,,,,,
163,,0.0,,,,,,,,,,
164,,0.05761590958664873,,,,,,,,,,
165,,0.3614627691844655,,,,,,,,,,
166,,0.0011942306918933834,,,,,,,,,,
167,,0.0,,,,,,,,,,
168,,0.3449908833674682,,,,,,,,,,
169,,0.0,,,,,,,,,,
170,,0.04149565789856475,,,,,,,,,,
171,,0.3331734988840994,,,,,,,,,,
172,,0.32713586465931044,,,,,,,,,,
173,,0.3334372826198515,,,,,,,,,,
174,,0.17825298011816104,,,,,,,,,,
175,,0.34294275855426076,,,,,,,,,,
176,,0.0,,,,,,,,,,
177,,0.43275350298459864,,,,,,,,,,
178,,0.4246839148849425,,,,,,,,,,
179,,0.0,,,,,,,,,,
180,,0.16516464159766522,,,,,,,,,,
181,,0.3408132984660875,,,,,,,,,,
182,,0.6651065629862568,,,,,,,,,,
183,,0.3169609643439385,,,,,,,,,,
184,,0.1023241216587992,,,,,,,,,,
185,,0.15281091761558593,,,,,,,,,,
186,,0.4001323821647033,,,,,,,,,,
187,,0.3385969301231784,,,,,,,,,,
188,,0.45780147417505707,,,,,,,,,,
189,,0.505035016978301,,,,,,,,,,
190,,0.0,,,,,,,,,,
191,,0.48737676704734567,,,,,,,,,,
192,,0.4851415407667359,,,,,,,,,,
193,,0.13040947530075933,,,,,,,,,,
194,,0.0,,,,,,,,,,
195,,0.5203619193966648,,,,,,,,,,
196,,0.41889390471801924,,,,,,,,,,
197,,0.13825175099601275,,,,,,,,,,
198,,1.8703676955745077,,,,,,,,,,
199,,0.3954673819039918,,,,,,,,,,
200,,0.9153762610881412,,,,,,,,,,
201,,1.0051782049179487,,,,,,,,,,
202,,0.307050983453935,,,,,,,,,,
203,,1.1931356645762965,,,,,,,,,,
204,,0.1365369672959995,,,,,,,,,,
205,,0.3628941523109519,,,,,,,,,,
206,,1.6316372402289432,,,,,,,,,,
207,,0.2677213968902141,,,,,,,,,,
208,,1.6043218729449988,,,,,,,,,,
209,,0.5995461270290126,,,,,,,,,,
210,,1.5114137542627737,,,,,,,,,,
211,,0.14939170184175724,,,,,,,,,,
212,,1.491288044485871,,,,,,,,,,
213,,0.9552760412998812,,,,,,,,,,
214,,0.8562030229141693,,,,,,,,,,
215,,0.5779514943928168,,,,,,,,,,
216,,0.04724243427600517,,,,,,,,,,
217,,0.6631191599185964,,,,,,,,,,
218,,1.2081698959454603,,,,,,,,,,
219,,1.8886359061108204,,,,,,,,,,
