,n_start,xs,fval,best_par,nominal_par,par_names,opt_lh,conv_points,comp_time,opt_interval,startpoints,options
0,10.0,0.0,400.01505426004485,0.0,0.181256315,delta_EL,877.7331403162606,0.0,0.0,0.0,,modelSelection run:22
1,,0.0,407.1284028460528,0.0,0.009697564740000001,delta_LM,,,,0.0,,
2,,0.05763350096500823,408.0117702333069,0.05763350096500823,0.00515080856,delta_NE,,,,0.0,,
3,,0.0003203041828584373,411.5789557822884,0.0003203041828584373,1.69961868e-05,mu_EE,,,,0.0,,
4,,0.00011830643999355167,411.7049658290361,0.00011830643999355167,4.34294518e-11,mu_LE,,,,0.0,,
5,,0.0,432.67937339326323,0.0,3.52437287e-06,mu_LL,,,,0.0,,
6,,0.06775641253373332,488.70076469334066,0.06775641253373332,0.240526112,mu_N,,,,0.0,,
7,,0.0,781.2444449576271,0.0,4.342923230000001e-06,mu_P,,,,0.0,,
8,,0.0,1278.657847122645,0.0,6.13435703e-11,mu_PE,,,,0.0,,
9,,0.0,2810.742358217525,0.0,1.57821086e-05,mu_PL,,,,0.0,,
10,,0.0,,0.0,0.178233035,rho_E,,,,0.0,,
11,,0.009359583443590381,,0.009359583443590381,0.0516858128,rho_P,,,,0.0,,
12,,0.0059139174667915415,,0.0059139174667915415,0.0,delta_NM,,,,0.0,,
13,,0.04967807171568287,,0.04967807171568287,0.0,delta_NL,,,,0.0,,
14,,0.00278921926147017,,0.00278921926147017,0.0,delta_EM,,,,0.0,,
15,,0.0,,0.0,0.0,delta_ME,,,,0.0,,
16,,0.0,,0.0,0.0,delta_LE,,,,0.0,,
17,,0.0,,0.0,0.0,delta_ML,,,,0.0,,
18,,0.0006893640862791874,,0.0006893640862791874,0.0,mu_E,,,,0.0,,
19,,0.0,,0.0,0.0,mu_M,,,,0.0,,
20,,0.0,,0.0,0.0,mu_L,,,,0.0,,
21,,6.750292265873004e-16,,6.750292265873004e-16,0.0,mu_EL,,,,0.0,,
22,,0.0,,,,,,,,2.0,,
23,,6.004867134223167e-13,,,,,,,,2.0,,
24,,0.04227075529019058,,,,,,,,2.0,,
25,,0.0,,,,,,,,2.0,,
26,,0.00018145210506920296,,,,,,,,2.0,,
27,,4.8660972082397716e-05,,,,,,,,2.0,,
28,,0.04326138878974415,,,,,,,,2.0,,
29,,0.0,,,,,,,,2.0,,
30,,0.0,,,,,,,,2.0,,
31,,0.0,,,,,,,,2.0,,
32,,0.001467474865873825,,,,,,,,2.0,,
33,,0.0062677989114845074,,,,,,,,2.0,,
34,,0.00805656929082002,,,,,,,,2.0,,
35,,0.107085903616312,,,,,,,,2.0,,
36,,6.004867134223167e-13,,,,,,,,2.0,,
37,,0.0015040637139870385,,,,,,,,2.0,,
38,,1.0472596286767435e-13,,,,,,,,2.0,,
39,,0.0,,,,,,,,2.0,,
40,,0.0,,,,,,,,2.0,,
41,,0.0,,,,,,,,2.0,,
42,,9.231159259285469e-06,,,,,,,,2.0,,
43,,9.20354841710273e-05,,,,,,,,2.0,,
44,,1.8167067401424392e-06,,,,,,,,,,
45,,0.0,,,,,,,,,,
46,,0.018969913789974587,,,,,,,,,,
47,,0.0,,,,,,,,,,
48,,0.0,,,,,,,,,,
49,,0.0,,,,,,,,,,
50,,0.1522476718576893,,,,,,,,,,
51,,0.0,,,,,,,,,,
52,,0.0,,,,,,,,,,
53,,0.0,,,,,,,,,,
54,,0.0011870951107855925,,,,,,,,,,
55,,6.061090048554535e-07,,,,,,,,,,
56,,0.010142329001467205,,,,,,,,,,
57,,0.020636760199425404,,,,,,,,,,
58,,0.0,,,,,,,,,,
59,,9.64327466553287e-17,,,,,,,,,,
60,,0.0,,,,,,,,,,
61,,1.7454327144614146e-14,,,,,,,,,,
62,,0.0,,,,,,,,,,
63,,9.64327466553287e-17,,,,,,,,,,
64,,0.0,,,,,,,,,,
65,,0.0,,,,,,,,,,
66,,0.0,,,,,,,,,,
67,,0.0,,,,,,,,,,
68,,0.02128815807660044,,,,,,,,,,
69,,0.0,,,,,,,,,,
70,,0.0,,,,,,,,,,
71,,0.0,,,,,,,,,,
72,,0.14881696904653802,,,,,,,,,,
73,,0.0,,,,,,,,,,
74,,0.0,,,,,,,,,,
75,,0.0,,,,,,,,,,
76,,1.975296559232146e-10,,,,,,,,,,
77,,4.269675577250783e-11,,,,,,,,,,
78,,0.009140462817447296,,,,,,,,,,
79,,0.026801330525768337,,,,,,,,,,
80,,0.0,,,,,,,,,,
81,,1.930657673725425e-06,,,,,,,,,,
82,,0.0,,,,,,,,,,
83,,0.0,,,,,,,,,,
84,,0.0,,,,,,,,,,
85,,0.004422725788604523,,,,,,,,,,
86,,0.0,,,,,,,,,,
87,,0.0,,,,,,,,,,
88,,0.0,,,,,,,,,,
89,,2.8929823996598605e-16,,,,,,,,,,
90,,0.0,,,,,,,,,,
91,,0.0,,,,,,,,,,
92,,0.0,,,,,,,,,,
93,,0.00034328460558550054,,,,,,,,,,
94,,0.00016130812752767555,,,,,,,,,,
95,,0.0,,,,,,,,,,
96,,0.0,,,,,,,,,,
97,,0.0,,,,,,,,,,
98,,0.0,,,,,,,,,,
99,,0.0,,,,,,,,,,
100,,0.0,,,,,,,,,,
101,,0.17532346742713678,,,,,,,,,,
102,,0.0,,,,,,,,,,
103,,0.0,,,,,,,,,,
104,,0.0,,,,,,,,,,
105,,0.0,,,,,,,,,,
106,,0.0,,,,,,,,,,
107,,0.0,,,,,,,,,,
108,,0.0,,,,,,,,,,
109,,0.0,,,,,,,,,,
110,,0.0,,,,,,,,,,
111,,0.0,,,,,,,,,,
112,,0.025210695538950504,,,,,,,,,,
113,,0.0,,,,,,,,,,
114,,0.0,,,,,,,,,,
115,,8.849925110412971e-05,,,,,,,,,,
116,,0.10952233252249056,,,,,,,,,,
117,,0.0,,,,,,,,,,
118,,0.0,,,,,,,,,,
119,,0.0,,,,,,,,,,
120,,0.0,,,,,,,,,,
121,,5.6993907342988444e-05,,,,,,,,,,
122,,0.00978252738055233,,,,,,,,,,
123,,0.09513762787760939,,,,,,,,,,
124,,0.0,,,,,,,,,,
125,,7.439364070099538e-06,,,,,,,,,,
126,,2.5124659044095568e-05,,,,,,,,,,
127,,0.0,,,,,,,,,,
128,,0.0,,,,,,,,,,
129,,0.0,,,,,,,,,,
130,,0.0,,,,,,,,,,
131,,0.0,,,,,,,,,,
132,,0.009782437426239686,,,,,,,,,,
133,,0.0,,,,,,,,,,
134,,3.076659704086008e-05,,,,,,,,,,
135,,3.541147241992622e-05,,,,,,,,,,
136,,1.748013349462245e-07,,,,,,,,,,
137,,2.4710689510477634e-06,,,,,,,,,,
138,,0.12045259931320083,,,,,,,,,,
139,,6.542007877862577e-07,,,,,,,,,,
140,,2.4424177426701232e-05,,,,,,,,,,
141,,4.317600763215928e-06,,,,,,,,,,
142,,0.0850640152460589,,,,,,,,,,
143,,0.059206773572343975,,,,,,,,,,
144,,0.00734109607642766,,,,,,,,,,
145,,0.0197785108447939,,,,,,,,,,
146,,0.0,,,,,,,,,,
147,,4.205504974040111e-08,,,,,,,,,,
148,,7.565093616840873e-06,,,,,,,,,,
149,,0.025971632470929797,,,,,,,,,,
150,,5.759794715781892e-05,,,,,,,,,,
151,,0.01775013824121123,,,,,,,,,,
152,,7.341515071160607e-06,,,,,,,,,,
153,,0.0,,,,,,,,,,
154,,0.0,,,,,,,,,,
155,,0.03978954159668187,,,,,,,,,,
156,,0.027689198592477798,,,,,,,,,,
157,,6.276893944355202e-06,,,,,,,,,,
158,,0.02245186017792644,,,,,,,,,,
159,,0.022952554669921004,,,,,,,,,,
160,,0.0688703117089986,,,,,,,,,,
161,,0.026630637431100144,,,,,,,,,,
162,,4.449746885302756e-06,,,,,,,,,,
163,,0.0,,,,,,,,,,
164,,0.037010790946064936,,,,,,,,,,
165,,0.03147836190411679,,,,,,,,,,
166,,0.03229861724314148,,,,,,,,,,
167,,0.04289258460739814,,,,,,,,,,
168,,0.010063515033294848,,,,,,,,,,
169,,0.036177162227267995,,,,,,,,,,
170,,0.04473289704215509,,,,,,,,,,
171,,0.006937865054399908,,,,,,,,,,
172,,0.0,,,,,,,,,,
173,,0.0437175468539135,,,,,,,,,,
174,,0.03844402491824945,,,,,,,,,,
175,,0.012757066263103412,,,,,,,,,,
176,,0.15309687082319665,,,,,,,,,,
177,,0.0024486006608764126,,,,,,,,,,
178,,0.0,,,,,,,,,,
179,,0.0,,,,,,,,,,
180,,0.0,,,,,,,,,,
181,,7.919585361277989e-06,,,,,,,,,,
182,,0.22188837810915005,,,,,,,,,,
183,,0.000254303393296785,,,,,,,,,,
184,,0.0,,,,,,,,,,
185,,4.4124548817617696e-06,,,,,,,,,,
186,,0.30046448610205184,,,,,,,,,,
187,,0.03530967959032888,,,,,,,,,,
188,,0.0033235384878204325,,,,,,,,,,
189,,0.0060692998432291135,,,,,,,,,,
190,,0.0062266292980508835,,,,,,,,,,
191,,0.12828301346482734,,,,,,,,,,
192,,0.0014295997779050285,,,,,,,,,,
193,,0.07135614880052611,,,,,,,,,,
194,,0.0024852819083920103,,,,,,,,,,
195,,0.0,,,,,,,,,,
196,,0.00010289786137389256,,,,,,,,,,
197,,1.8254917947019986e-05,,,,,,,,,,
198,,0.0,,,,,,,,,,
199,,0.0,,,,,,,,,,
200,,0.0,,,,,,,,,,
201,,0.0,,,,,,,,,,
202,,0.0,,,,,,,,,,
203,,0.0,,,,,,,,,,
204,,0.6489212056682577,,,,,,,,,,
205,,0.0,,,,,,,,,,
206,,0.0,,,,,,,,,,
207,,0.04674745105258675,,,,,,,,,,
208,,0.0,,,,,,,,,,
209,,0.0,,,,,,,,,,
210,,0.04920074858712308,,,,,,,,,,
211,,0.5553504482983982,,,,,,,,,,
212,,0.0,,,,,,,,,,
213,,0.0,,,,,,,,,,
214,,0.0,,,,,,,,,,
215,,0.0,,,,,,,,,,
216,,0.0,,,,,,,,,,
217,,0.0,,,,,,,,,,
218,,0.0,,,,,,,,,,
219,,0.0,,,,,,,,,,
