,n_start,xs,fval,best_par,nominal_par,par_names,opt_lh,conv_points,comp_time,opt_interval,startpoints,options
0,10.0,0.6173206576956746,640.3177100324947,0.6173206576956746,0.181256315,delta_EL,513.6504568639638,0.0,0.0,0.0,,modelSelection run:4
1,,0.12671824009053134,640.3179376100841,0.12671824009053134,0.009697564740000001,delta_LM,,,,0.0,,
2,,0.0,640.3186941456229,0.0,0.00515080856,delta_NE,,,,0.0,,
3,,1.7443930774387078,642.1940690665936,1.7443930774387078,1.69961868e-05,mu_EE,,,,0.0,,
4,,0.0,642.1941116719115,0.0,4.34294518e-11,mu_LE,,,,0.0,,
5,,1.1182886878564227,642.1941670528674,1.1182886878564227,3.52437287e-06,mu_LL,,,,0.0,,
6,,0.24549548660113577,642.194188290387,0.24549548660113577,0.240526112,mu_N,,,,0.0,,
7,,0.7820742891393672,642.1942984725282,0.7820742891393672,4.342923230000001e-06,mu_P,,,,0.0,,
8,,1.9999981990774072,648.5370554075163,1.9999981990774072,6.13435703e-11,mu_PE,,,,0.0,,
9,,1.9999981990774072,721.8888420722187,1.9999981990774072,1.57821086e-05,mu_PL,,,,0.0,,
10,,0.15715223255863764,,0.15715223255863764,0.178233035,rho_E,,,,0.0,,
11,,0.7621966663604807,,0.7621966663604807,0.0516858128,rho_P,,,,0.0,,
12,,0.0,,0.0,0.0,delta_NM,,,,0.0,,
13,,0.0,,0.0,0.0,delta_NL,,,,0.0,,
14,,0.9153482591331593,,0.9153482591331593,0.0,delta_EM,,,,0.0,,
15,,1.6206215604266276,,1.6206215604266276,0.0,delta_ME,,,,0.0,,
16,,0.13640505605846376,,0.13640505605846376,0.0,delta_LE,,,,0.0,,
17,,0.626418327652198,,0.626418327652198,0.0,delta_ML,,,,0.0,,
18,,0.6086051346223645,,0.6086051346223645,0.0,mu_E,,,,0.0,,
19,,0.9472033392483923,,0.9472033392483923,0.0,mu_M,,,,0.0,,
20,,0.32473043653700406,,0.32473043653700406,0.0,mu_L,,,,0.0,,
21,,0.9216939781995975,,0.9216939781995975,0.0,mu_EL,,,,0.0,,
22,,0.33986780323780785,,,,,,,,2.0,,
23,,1.4242508563236922,,,,,,,,2.0,,
24,,0.2948296372568322,,,,,,,,2.0,,
25,,0.8613961755053077,,,,,,,,2.0,,
26,,1.2312532128692375,,,,,,,,2.0,,
27,,0.31300433253605564,,,,,,,,2.0,,
28,,0.2453838106806866,,,,,,,,2.0,,
29,,0.3570047768470199,,,,,,,,2.0,,
30,,2.0,,,,,,,,2.0,,
31,,1.652151806994904,,,,,,,,2.0,,
32,,0.7313173481792994,,,,,,,,2.0,,
33,,0.716547536613691,,,,,,,,2.0,,
34,,0.0,,,,,,,,2.0,,
35,,0.23053499701432953,,,,,,,,2.0,,
36,,0.7449112552102715,,,,,,,,2.0,,
37,,0.4714642609293417,,,,,,,,2.0,,
38,,0.6275738036599776,,,,,,,,2.0,,
39,,1.5434543060633834,,,,,,,,2.0,,
40,,0.5589467904709203,,,,,,,,2.0,,
41,,1.6719555389936935,,,,,,,,2.0,,
42,,0.7871265497534436,,,,,,,,2.0,,
43,,0.344824850073626,,,,,,,,2.0,,
44,,0.4086512671896484,,,,,,,,,,
45,,1.6675196652381972,,,,,,,,,,
46,,0.0,,,,,,,,,,
47,,0.9541094454470315,,,,,,,,,,
48,,0.9433240928726366,,,,,,,,,,
49,,1.5802378188919024,,,,,,,,,,
50,,0.24512625900992902,,,,,,,,,,
51,,1.2395564020755023,,,,,,,,,,
52,,1.7384567276296838,,,,,,,,,,
53,,2.0,,,,,,,,,,
54,,1.2954260535113404,,,,,,,,,,
55,,1.2114340105608834,,,,,,,,,,
56,,0.3039185442776839,,,,,,,,,,
57,,1.2296649478257002,,,,,,,,,,
58,,0.29860855531595176,,,,,,,,,,
59,,1.3281193380994827,,,,,,,,,,
60,,0.7270446768119045,,,,,,,,,,
61,,1.6993715296905054,,,,,,,,,,
62,,1.7198989548987422,,,,,,,,,,
63,,0.35935973724804504,,,,,,,,,,
64,,1.1810687530489201,,,,,,,,,,
65,,0.8676381437606118,,,,,,,,,,
66,,0.0347629922273939,,,,,,,,,,
67,,0.9906346706814922,,,,,,,,,,
68,,1.3146118337580548,,,,,,,,,,
69,,0.2443208934138983,,,,,,,,,,
70,,0.1819228855177765,,,,,,,,,,
71,,0.5500194447617401,,,,,,,,,,
72,,1.9092156709029482,,,,,,,,,,
73,,0.7716841027518043,,,,,,,,,,
74,,0.30631150857283,,,,,,,,,,
75,,0.42962077700046347,,,,,,,,,,
76,,1.1725857118056942,,,,,,,,,,
77,,0.8504899706052657,,,,,,,,,,
78,,1.3587687756716647,,,,,,,,,,
79,,1.67865621461026,,,,,,,,,,
80,,0.1318787078419246,,,,,,,,,,
81,,0.9642222126664102,,,,,,,,,,
82,,1.0101188538145338,,,,,,,,,,
83,,0.790534505240913,,,,,,,,,,
84,,0.9137950505624576,,,,,,,,,,
85,,1.8381854628347953,,,,,,,,,,
86,,1.0340014767039503,,,,,,,,,,
87,,1.30682702160449,,,,,,,,,,
88,,0.1575030567088617,,,,,,,,,,
89,,1.68439062383406,,,,,,,,,,
90,,1.310913916730968,,,,,,,,,,
91,,1.2586860745604185,,,,,,,,,,
92,,1.118632050788709,,,,,,,,,,
93,,0.2234384095385029,,,,,,,,,,
94,,1.56421176609682,,,,,,,,,,
95,,0.9346686369603532,,,,,,,,,,
96,,0.6444627453158621,,,,,,,,,,
97,,1.36121169261813,,,,,,,,,,
98,,1.091668185957822,,,,,,,,,,
99,,1.8215709655206358,,,,,,,,,,
100,,0.24851901213219735,,,,,,,,,,
101,,1.7190353588456295,,,,,,,,,,
102,,0.03622223704206325,,,,,,,,,,
103,,1.1674698865480282,,,,,,,,,,
104,,0.9617932271620869,,,,,,,,,,
105,,0.8837143637458685,,,,,,,,,,
106,,0.6560236643539394,,,,,,,,,,
107,,0.4407223802824555,,,,,,,,,,
108,,1.7511049547255926,,,,,,,,,,
109,,0.4461149614099455,,,,,,,,,,
110,,1.060924291856576,,,,,,,,,,
111,,1.507791631293772,,,,,,,,,,
112,,1.4318802043266607,,,,,,,,,,
113,,1.0050653979410977,,,,,,,,,,
114,,1.149592360872123,,,,,,,,,,
115,,1.3934481692378686,,,,,,,,,,
116,,1.481121730280816,,,,,,,,,,
117,,1.5412133795974126,,,,,,,,,,
118,,1.5503745443961203,,,,,,,,,,
119,,1.362147185915336,,,,,,,,,,
120,,0.983730077071297,,,,,,,,,,
121,,0.8330992679903897,,,,,,,,,,
122,,0.8067311902788332,,,,,,,,,,
123,,1.593701263208241,,,,,,,,,,
124,,0.9283977132188238,,,,,,,,,,
125,,1.012970266238152,,,,,,,,,,
126,,1.6167351721944179,,,,,,,,,,
127,,1.4046529324093657,,,,,,,,,,
128,,1.7444106827220591,,,,,,,,,,
129,,0.13680307900064287,,,,,,,,,,
130,,0.9808153361056043,,,,,,,,,,
131,,1.1830184514835684,,,,,,,,,,
132,,0.08502210032755907,,,,,,,,,,
133,,1.3104130536927365,,,,,,,,,,
134,,0.2394859391678597,,,,,,,,,,
135,,0.9542607077430688,,,,,,,,,,
136,,0.6884938859660515,,,,,,,,,,
137,,1.570351659289795,,,,,,,,,,
138,,1.8127485306978512,,,,,,,,,,
139,,0.5222524481246874,,,,,,,,,,
140,,1.6765845235310661,,,,,,,,,,
141,,1.5459613182273861,,,,,,,,,,
142,,0.6773763731363935,,,,,,,,,,
143,,0.26507284067502873,,,,,,,,,,
144,,0.6240985413674836,,,,,,,,,,
145,,1.2664886141578742,,,,,,,,,,
146,,1.3000489434159415,,,,,,,,,,
147,,1.4273926607068987,,,,,,,,,,
148,,0.07504955765414163,,,,,,,,,,
149,,0.3319628783836484,,,,,,,,,,
150,,0.5783190493310632,,,,,,,,,,
151,,0.9667753917883559,,,,,,,,,,
152,,1.9338520333888878,,,,,,,,,,
153,,1.972504126194406,,,,,,,,,,
154,,0.3965647874717362,,,,,,,,,,
155,,1.98372725905432,,,,,,,,,,
156,,1.1269534554036518,,,,,,,,,,
157,,1.635579180817173,,,,,,,,,,
158,,1.9593801300085396,,,,,,,,,,
159,,1.3016339274503856,,,,,,,,,,
160,,1.1011872860282048,,,,,,,,,,
161,,1.2753131072061896,,,,,,,,,,
162,,0.014648841019440322,,,,,,,,,,
163,,0.5507514202217472,,,,,,,,,,
164,,1.3400792983029017,,,,,,,,,,
165,,1.5774062220605272,,,,,,,,,,
166,,0.9897509255238461,,,,,,,,,,
167,,1.299274312385431,,,,,,,,,,
168,,1.3837604367069587,,,,,,,,,,
169,,0.4966166959815575,,,,,,,,,,
170,,1.0102665230012153,,,,,,,,,,
171,,0.5044274929036423,,,,,,,,,,
172,,1.9457359757135626,,,,,,,,,,
173,,1.9105586233981071,,,,,,,,,,
174,,0.680270176862285,,,,,,,,,,
175,,1.2903373739070587,,,,,,,,,,
176,,1.8127811331981372,,,,,,,,,,
177,,1.2563195416455983,,,,,,,,,,
178,,0.5465173069016718,,,,,,,,,,
179,,1.9611162672888995,,,,,,,,,,
180,,0.09540806726315032,,,,,,,,,,
181,,1.1360003594127759,,,,,,,,,,
182,,0.18210350730747193,,,,,,,,,,
183,,1.9068517669398748,,,,,,,,,,
184,,1.4102530336854902,,,,,,,,,,
185,,0.5517751448288406,,,,,,,,,,
186,,1.5154931589070342,,,,,,,,,,
187,,1.4850585329092532,,,,,,,,,,
188,,1.495898225898494,,,,,,,,,,
189,,0.06666881576504119,,,,,,,,,,
190,,1.191822494675138,,,,,,,,,,
191,,0.1969553363312535,,,,,,,,,,
192,,0.902733520878738,,,,,,,,,,
193,,0.6602855013869748,,,,,,,,,,
194,,0.5744800737192035,,,,,,,,,,
195,,0.37291267449399457,,,,,,,,,,
196,,0.9016758771013986,,,,,,,,,,
197,,0.6981946104977703,,,,,,,,,,
198,,1.8703676955745077,,,,,,,,,,
199,,0.3954673819039918,,,,,,,,,,
200,,0.9153762610881412,,,,,,,,,,
201,,1.0051782049179487,,,,,,,,,,
202,,0.307050983453935,,,,,,,,,,
203,,1.1931356645762965,,,,,,,,,,
204,,0.1365369672959995,,,,,,,,,,
205,,0.3628941523109519,,,,,,,,,,
206,,1.6316372402289432,,,,,,,,,,
207,,0.2677213968902141,,,,,,,,,,
208,,1.6043218729449988,,,,,,,,,,
209,,0.5995461270290126,,,,,,,,,,
210,,1.5114137542627737,,,,,,,,,,
211,,0.14939170184175724,,,,,,,,,,
212,,1.491288044485871,,,,,,,,,,
213,,0.9552760412998812,,,,,,,,,,
214,,0.8562030229141693,,,,,,,,,,
215,,0.5779514943928168,,,,,,,,,,
216,,0.04724243427600517,,,,,,,,,,
217,,0.6631191599185964,,,,,,,,,,
218,,1.2081698959454603,,,,,,,,,,
219,,1.8886359061108204,,,,,,,,,,
