,n_start,xs,fval,best_par,nominal_par,par_names,opt_lh,conv_points,comp_time,opt_interval,startpoints,options
0,10.0,0.6173207244107853,689.2275270215102,0.6173207244107853,0.181256315,delta_EL,562.5605387530986,0.0,0.0,0.0,,modelSelection run:2
1,,0.12671826164919087,689.227789728929,0.12671826164919087,0.009697564740000001,delta_LM,,,,0.0,,
2,,0.0,689.2284209082495,0.0,0.00515080856,delta_NE,,,,0.0,,
3,,1.7443939713560934,691.1038969782272,1.7443939713560934,1.69961868e-05,mu_EE,,,,0.0,,
4,,0.0,691.103901590285,0.0,4.34294518e-11,mu_LE,,,,0.0,,
5,,1.1182888992989657,691.103907585791,1.1182888992989657,3.52437287e-06,mu_LL,,,,0.0,,
6,,0.24549539310693436,691.1039098922827,0.24549539310693436,0.240526112,mu_N,,,,0.0,,
7,,0.7820743866333631,691.1039218271533,0.7820743866333631,4.342923230000001e-06,mu_P,,,,0.0,,
8,,1.9999998093639257,697.4468139077271,1.9999998093639257,6.13435703e-11,mu_PE,,,,0.0,,
9,,1.9999998093639257,770.798645986939,1.9999998093639257,1.57821086e-05,mu_PL,,,,0.0,,
10,,0.1571522556822536,,0.1571522556822536,0.178233035,rho_E,,,,0.0,,
11,,0.7621967594927627,,0.7621967594927627,0.0516858128,rho_P,,,,0.0,,
12,,0.0,,0.0,0.0,delta_NM,,,,0.0,,
13,,0.0,,0.0,0.0,delta_NL,,,,0.0,,
14,,0.9153483916441415,,0.9153483916441415,0.0,delta_EM,,,,0.0,,
15,,1.6206222326686628,,1.6206222326686628,0.0,delta_ME,,,,0.0,,
16,,0.1364050781033859,,0.1364050781033859,0.0,delta_LE,,,,0.0,,
17,,0.6264183957796087,,0.6264183957796087,0.0,delta_ML,,,,0.0,,
18,,0.6086052000119656,,0.6086052000119656,0.0,mu_E,,,,0.0,,
19,,0.9472034818442673,,0.9472034818442673,0.0,mu_M,,,,0.0,,
20,,0.3247304705491444,,0.3247304705491444,0.0,mu_L,,,,0.0,,
21,,0.9216941126609868,,0.9216941126609868,0.0,mu_EL,,,,0.0,,
22,,0.3398678043657132,,,,,,,,2.0,,
23,,1.4242508688419582,,,,,,,,2.0,,
24,,0.29482980183835283,,,,,,,,2.0,,
25,,0.8613961861201979,,,,,,,,2.0,,
26,,1.2312532250821602,,,,,,,,2.0,,
27,,0.3130043338073672,,,,,,,,2.0,,
28,,0.24538171839312778,,,,,,,,2.0,,
29,,0.35700477712697887,,,,,,,,2.0,,
30,,2.0,,,,,,,,2.0,,
31,,1.6521517757458588,,,,,,,,2.0,,
32,,0.7313173500931099,,,,,,,,2.0,,
33,,0.7165475398735769,,,,,,,,2.0,,
34,,0.0,,,,,,,,2.0,,
35,,0.23053529590995908,,,,,,,,2.0,,
36,,0.744911258419397,,,,,,,,2.0,,
37,,0.4714642621950524,,,,,,,,2.0,,
38,,0.6275738052450622,,,,,,,,2.0,,
39,,1.5434543210613079,,,,,,,,2.0,,
40,,0.5589467925703939,,,,,,,,2.0,,
41,,1.6719555592144713,,,,,,,,2.0,,
42,,0.7871265526493753,,,,,,,,2.0,,
43,,0.34482485250796285,,,,,,,,2.0,,
44,,0.40865128205896095,,,,,,,,,,
45,,1.6675200861741708,,,,,,,,,,
46,,0.0,,,,,,,,,,
47,,0.9541094979350396,,,,,,,,,,
48,,0.9433241483875155,,,,,,,,,,
49,,1.5802412630302276,,,,,,,,,,
50,,0.2451273893493353,,,,,,,,,,
51,,1.239556402145036,,,,,,,,,,
52,,1.738457009045907,,,,,,,,,,
53,,2.0,,,,,,,,,,
54,,1.2954261681595631,,,,,,,,,,
55,,1.2114341488757618,,,,,,,,,,
56,,0.303920594363479,,,,,,,,,,
57,,1.229673350546477,,,,,,,,,,
58,,0.2986085669442105,,,,,,,,,,
59,,1.328119448138614,,,,,,,,,,
60,,0.7270447068334209,,,,,,,,,,
61,,1.6993717879514243,,,,,,,,,,
62,,1.7198992622351394,,,,,,,,,,
63,,0.35935975080382815,,,,,,,,,,
64,,1.1810688962540676,,,,,,,,,,
65,,0.8676381904189924,,,,,,,,,,
66,,0.03476582069824033,,,,,,,,,,
67,,0.9906602236803511,,,,,,,,,,
68,,1.3146657155573884,,,,,,,,,,
69,,0.24432547600422835,,,,,,,,,,
70,,0.18192685480501028,,,,,,,,,,
71,,0.5500287090784892,,,,,,,,,,
72,,1.909427592161363,,,,,,,,,,
73,,0.7716995369144934,,,,,,,,,,
74,,0.30631679426931663,,,,,,,,,,
75,,0.4296277982256539,,,,,,,,,,
76,,1.172624562943086,,,,,,,,,,
77,,0.8505084757054431,,,,,,,,,,
78,,1.3588284247482687,,,,,,,,,,
79,,1.6787808220638114,,,,,,,,,,
80,,0.13188224511020616,,,,,,,,,,
81,,0.9642462578551628,,,,,,,,,,
82,,1.0101455793867633,,,,,,,,,,
83,,0.790550624090155,,,,,,,,,,
84,,0.9138164596858603,,,,,,,,,,
85,,1.8383653989293445,,,,,,,,,,
86,,1.0340297132040546,,,,,,,,,,
87,,1.3068799460722316,,,,,,,,,,
88,,0.15750681822673918,,,,,,,,,,
89,,1.6845168856385253,,,,,,,,,,
90,,1.3109673418739616,,,,,,,,,,
91,,1.2587334481615826,,,,,,,,,,
92,,1.1186663634544949,,,,,,,,,,
93,,0.22344277719461378,,,,,,,,,,
94,,1.5643075022789623,,,,,,,,,,
95,,0.9346911002497466,,,,,,,,,,
96,,0.6444742601906692,,,,,,,,,,
97,,1.36127167847518,,,,,,,,,,
98,,1.0917004323287263,,,,,,,,,,
99,,1.8217441457397707,,,,,,,,,,
100,,0.24852363907243336,,,,,,,,,,
101,,1.719172110313334,,,,,,,,,,
102,,0.03622507589501105,,,,,,,,,,
103,,1.1675082850362104,,,,,,,,,,
104,,0.9618171379968602,,,,,,,,,,
105,,0.8837343418852095,,,,,,,,,,
106,,0.656035547051272,,,,,,,,,,
107,,0.4407295845181105,,,,,,,,,,
108,,1.7512521920730384,,,,,,,,,,
109,,0.4461222543097707,,,,,,,,,,
110,,1.0609543342929355,,,,,,,,,,
111,,1.5078757023401783,,,,,,,,,,
112,,1.431950791217665,,,,,,,,,,
113,,1.0050918143212233,,,,,,,,,,
114,,1.1496292084339554,,,,,,,,,,
115,,1.3935127773652878,,,,,,,,,,
116,,1.4812007931328801,,,,,,,,,,
117,,1.5413041770521914,,,,,,,,,,
118,,1.5504672778455701,,,,,,,,,,
119,,1.3622073008686697,,,,,,,,,,
120,,0.9837552270113359,,,,,,,,,,
121,,0.8331170466963314,,,,,,,,,,
122,,0.8067479216377947,,,,,,,,,,
123,,1.5938037271481742,,,,,,,,,,
124,,0.9284198544691431,,,,,,,,,,
125,,1.0129971678664995,,,,,,,,,,
126,,1.616843218395741,,,,,,,,,,
127,,1.4047192293199862,,,,,,,,,,
128,,1.7445556650497718,,,,,,,,,,
129,,0.13680665660575236,,,,,,,,,,
130,,0.9808403178106323,,,,,,,,,,
131,,1.1830582472841502,,,,,,,,,,
132,,0.08502527585403273,,,,,,,,,,
133,,1.3104664170131342,,,,,,,,,,
134,,0.2394904710233289,,,,,,,,,,
135,,0.9542842076656455,,,,,,,,,,
136,,0.6885066295230157,,,,,,,,,,
137,,1.5704487588088385,,,,,,,,,,
138,,1.8129182272530673,,,,,,,,,,
139,,0.5222611386480632,,,,,,,,,,
140,,1.6767085378542526,,,,,,,,,,
141,,1.546053113948094,,,,,,,,,,
142,,0.6773887946034725,,,,,,,,,,
143,,0.26507764755373925,,,,,,,,,,
144,,0.6241095287375886,,,,,,,,,,
145,,1.2665368438270472,,,,,,,,,,
146,,1.3001010482994637,,,,,,,,,,
147,,1.427462521821403,,,,,,,,,,
148,,0.07505266105909267,,,,,,,,,,
149,,0.3319684857186595,,,,,,,,,,
150,,0.5783289375691202,,,,,,,,,,
151,,0.9667995789324345,,,,,,,,,,
152,,1.9340763290962835,,,,,,,,,,
153,,1.9727493090206671,,,,,,,,,,
154,,0.39657129410747055,,,,,,,,,,
155,,1.9839788635530586,,,,,,,,,,
156,,1.126988431257684,,,,,,,,,,
157,,1.6356920193448352,,,,,,,,,,
158,,1.959618011200848,,,,,,,,,,
159,,1.301686222778585,,,,,,,,,,
160,,1.101220247038806,,,,,,,,,,
161,,1.275362326975069,,,,,,,,,,
162,,0.014651541477585047,,,,,,,,,,
163,,0.5507607001663449,,,,,,,,,,
164,,1.3401364346147133,,,,,,,,,,
165,,1.5775049120128688,,,,,,,,,,
166,,0.9897764265753347,,,,,,,,,,
167,,1.2993263243247577,,,,,,,,,,
168,,1.3838236194186848,,,,,,,,,,
169,,0.4966248883556261,,,,,,,,,,
170,,1.0102932576626997,,,,,,,,,,
171,,0.5044358339530195,,,,,,,,,,
172,,1.9459664964313392,,,,,,,,,,
173,,1.9107712012484195,,,,,,,,,,
174,,0.6802826813747547,,,,,,,,,,
175,,1.2903883263776137,,,,,,,,,,
176,,1.8127811331981372,,,,,,,,,,
177,,1.2563195416455983,,,,,,,,,,
178,,0.5465173069016718,,,,,,,,,,
179,,1.9611162672888995,,,,,,,,,,
180,,0.09540806726315032,,,,,,,,,,
181,,1.1360003594127759,,,,,,,,,,
182,,0.18210350730747193,,,,,,,,,,
183,,1.9068517669398748,,,,,,,,,,
184,,1.4102530336854902,,,,,,,,,,
185,,0.5517751448288406,,,,,,,,,,
186,,1.5154931589070342,,,,,,,,,,
187,,1.4850585329092532,,,,,,,,,,
188,,1.495898225898494,,,,,,,,,,
189,,0.06666881576504119,,,,,,,,,,
190,,1.191822494675138,,,,,,,,,,
191,,0.1969553363312535,,,,,,,,,,
192,,0.902733520878738,,,,,,,,,,
193,,0.6602855013869748,,,,,,,,,,
194,,0.5744800737192035,,,,,,,,,,
195,,0.37291267449399457,,,,,,,,,,
196,,0.9016758771013986,,,,,,,,,,
197,,0.6981946104977703,,,,,,,,,,
198,,1.8703676955745077,,,,,,,,,,
199,,0.3954673819039918,,,,,,,,,,
200,,0.9153762610881412,,,,,,,,,,
201,,1.0051782049179487,,,,,,,,,,
202,,0.307050983453935,,,,,,,,,,
203,,1.1931356645762965,,,,,,,,,,
204,,0.1365369672959995,,,,,,,,,,
205,,0.3628941523109519,,,,,,,,,,
206,,1.6316372402289432,,,,,,,,,,
207,,0.2677213968902141,,,,,,,,,,
208,,1.6043218729449988,,,,,,,,,,
209,,0.5995461270290126,,,,,,,,,,
210,,1.5114137542627737,,,,,,,,,,
211,,0.14939170184175724,,,,,,,,,,
212,,1.491288044485871,,,,,,,,,,
213,,0.9552760412998812,,,,,,,,,,
214,,0.8562030229141693,,,,,,,,,,
215,,0.5779514943928168,,,,,,,,,,
216,,0.04724243427600517,,,,,,,,,,
217,,0.6631191599185964,,,,,,,,,,
218,,1.2081698959454603,,,,,,,,,,
219,,1.8886359061108204,,,,,,,,,,
