,n_start,xs,fval,best_par,nominal_par,par_names,opt_lh,conv_points,comp_time,opt_interval,startpoints,options
0,10.0,0.0027090074650687928,415.81052147933036,0.0027090074650687928,0.181256315,delta_EL,318.0220841799034,0.0,0.0,0.0,,modelSelection run:12
1,,0.0008059904401503486,421.2084938354725,0.0008059904401503486,0.009697564740000001,delta_LM,,,,0.0,,
2,,0.0,422.5207166863414,0.0,0.00515080856,delta_NE,,,,0.0,,
3,,0.0,433.7899963088238,0.0,1.69961868e-05,mu_EE,,,,0.0,,
4,,0.0,440.47514872278106,0.0,4.34294518e-11,mu_LE,,,,0.0,,
5,,0.0,440.87783094660404,0.0,3.52437287e-06,mu_LL,,,,0.0,,
6,,0.2269951270175681,444.15569047910446,0.2269951270175681,0.240526112,mu_N,,,,0.0,,
7,,8.617725473044701e-07,444.7404621732377,8.617725473044701e-07,4.342923230000001e-06,mu_P,,,,0.0,,
8,,0.05627524925743202,455.5480387668167,0.05627524925743202,6.13435703e-11,mu_PE,,,,0.0,,
9,,1.724506745787571e-05,528.5291724776106,1.724506745787571e-05,1.57821086e-05,mu_PL,,,,0.0,,
10,,0.0,,0.0,0.178233035,rho_E,,,,0.0,,
11,,0.008886096567409837,,0.008886096567409837,0.0516858128,rho_P,,,,0.0,,
12,,0.10843800982922254,,0.10843800982922254,0.0,delta_NM,,,,0.0,,
13,,0.2535798528863915,,0.2535798528863915,0.0,delta_NL,,,,0.0,,
14,,5.366168019670667e-05,,5.366168019670667e-05,0.0,delta_EM,,,,0.0,,
15,,0.028286013904611516,,0.028286013904611516,0.0,delta_ME,,,,0.0,,
16,,0.04067204875158621,,0.04067204875158621,0.0,delta_LE,,,,0.0,,
17,,0.012749767696848767,,0.012749767696848767,0.0,delta_ML,,,,0.0,,
18,,0.0,,0.0,0.0,mu_E,,,,0.0,,
19,,0.0,,0.0,0.0,mu_M,,,,0.0,,
20,,0.0,,0.0,0.0,mu_L,,,,0.0,,
21,,0.0,,0.0,0.0,mu_EL,,,,0.0,,
22,,6.208763279911466e-08,,,,,,,,2.0,,
23,,0.01737554279793334,,,,,,,,2.0,,
24,,0.10234881569191714,,,,,,,,2.0,,
25,,5.610559834248334e-06,,,,,,,,2.0,,
26,,0.0004841401227381637,,,,,,,,2.0,,
27,,0.0,,,,,,,,2.0,,
28,,0.1803556849668555,,,,,,,,2.0,,
29,,0.02272281416896362,,,,,,,,2.0,,
30,,0.00040380119112213756,,,,,,,,2.0,,
31,,0.0,,,,,,,,2.0,,
32,,0.01314042566969676,,,,,,,,2.0,,
33,,0.0026418211421040984,,,,,,,,2.0,,
34,,0.09097166416943409,,,,,,,,2.0,,
35,,0.0,,,,,,,,2.0,,
36,,0.019002145895630623,,,,,,,,2.0,,
37,,0.0,,,,,,,,2.0,,
38,,0.0,,,,,,,,2.0,,
39,,0.11812359456006838,,,,,,,,2.0,,
40,,0.007539512727878319,,,,,,,,2.0,,
41,,0.0,,,,,,,,2.0,,
42,,0.0,,,,,,,,2.0,,
43,,0.008560525023331378,,,,,,,,2.0,,
44,,0.9195913804748466,,,,,,,,,,
45,,0.6855184574053156,,,,,,,,,,
46,,0.4493901849053869,,,,,,,,,,
47,,0.10014391213978321,,,,,,,,,,
48,,0.2162205999534731,,,,,,,,,,
49,,0.0,,,,,,,,,,
50,,0.23572482920903273,,,,,,,,,,
51,,1.1101172864438744,,,,,,,,,,
52,,0.9416352342526904,,,,,,,,,,
53,,0.6678340626652137,,,,,,,,,,
54,,0.2966889847197022,,,,,,,,,,
55,,0.12987068957699271,,,,,,,,,,
56,,1.7963357867853746,,,,,,,,,,
57,,0.8961776759201685,,,,,,,,,,
58,,1.296030817983413,,,,,,,,,,
59,,0.0,,,,,,,,,,
60,,0.0,,,,,,,,,,
61,,1.1489398214654718,,,,,,,,,,
62,,0.4687979550653874,,,,,,,,,,
63,,0.0,,,,,,,,,,
64,,0.0,,,,,,,,,,
65,,0.7343829852704105,,,,,,,,,,
66,,0.0,,,,,,,,,,
67,,0.22664233707377346,,,,,,,,,,
68,,1.7587194116936606,,,,,,,,,,
69,,0.0,,,,,,,,,,
70,,0.6245721568215702,,,,,,,,,,
71,,0.21005025593543394,,,,,,,,,,
72,,0.2376804795763663,,,,,,,,,,
73,,0.9460301148522816,,,,,,,,,,
74,,0.27391250331807376,,,,,,,,,,
75,,0.9819040750111631,,,,,,,,,,
76,,0.5122879048043899,,,,,,,,,,
77,,0.031085605296361965,,,,,,,,,,
78,,0.31752042311714956,,,,,,,,,,
79,,0.0,,,,,,,,,,
80,,0.7105921958940473,,,,,,,,,,
81,,1.0197903176382501,,,,,,,,,,
82,,0.6069443938240258,,,,,,,,,,
83,,0.0,,,,,,,,,,
84,,0.0,,,,,,,,,,
85,,0.0,,,,,,,,,,
86,,0.3329588085552552,,,,,,,,,,
87,,1.275855788870787,,,,,,,,,,
88,,0.004460289270711166,,,,,,,,,,
89,,1.3940375360795338,,,,,,,,,,
90,,0.12706242701738743,,,,,,,,,,
91,,0.11941675565655065,,,,,,,,,,
92,,0.11016502774515011,,,,,,,,,,
93,,0.015621758932496082,,,,,,,,,,
94,,0.1941997064339743,,,,,,,,,,
95,,0.26586132238089416,,,,,,,,,,
96,,0.22542389366558122,,,,,,,,,,
97,,0.4416993718328316,,,,,,,,,,
98,,0.2968434402314705,,,,,,,,,,
99,,0.6019012304307255,,,,,,,,,,
100,,1.5859401528269188,,,,,,,,,,
101,,0.5970294950699229,,,,,,,,,,
102,,1.1150380807915958,,,,,,,,,,
103,,0.1016385045227221,,,,,,,,,,
104,,0.13526421158966712,,,,,,,,,,
105,,0.08577605162970299,,,,,,,,,,
106,,0.04141497994785442,,,,,,,,,,
107,,0.028919635463965882,,,,,,,,,,
108,,0.1760244877005395,,,,,,,,,,
109,,0.50716285624374,,,,,,,,,,
110,,0.17382843854060565,,,,,,,,,,
111,,0.011179380413451142,,,,,,,,,,
112,,0.5254565900168291,,,,,,,,,,
113,,0.19218377538064943,,,,,,,,,,
114,,0.19176507867120599,,,,,,,,,,
115,,0.04153746434749003,,,,,,,,,,
116,,0.17733980237835223,,,,,,,,,,
117,,0.14794989547921153,,,,,,,,,,
118,,0.02507865801399578,,,,,,,,,,
119,,0.8725631017817976,,,,,,,,,,
120,,0.00042478197407893497,,,,,,,,,,
121,,6.512510471221604e-05,,,,,,,,,,
122,,0.710635809586545,,,,,,,,,,
123,,0.0006829843422621921,,,,,,,,,,
124,,0.11957500771384162,,,,,,,,,,
125,,0.0,,,,,,,,,,
126,,0.3199593167281579,,,,,,,,,,
127,,0.0,,,,,,,,,,
128,,0.03332887356639127,,,,,,,,,,
129,,0.09596158265498946,,,,,,,,,,
130,,0.014657038191813817,,,,,,,,,,
131,,0.13011025880406418,,,,,,,,,,
132,,0.0,,,,,,,,,,
133,,0.43275350298459864,,,,,,,,,,
134,,0.4246839148849425,,,,,,,,,,
135,,0.0,,,,,,,,,,
136,,0.16516464159766522,,,,,,,,,,
137,,0.3408132984660875,,,,,,,,,,
138,,0.6651065629862568,,,,,,,,,,
139,,0.3169609643439385,,,,,,,,,,
140,,0.1023241216587992,,,,,,,,,,
141,,0.15281091761558593,,,,,,,,,,
142,,0.4001323821647033,,,,,,,,,,
143,,0.3385969301231784,,,,,,,,,,
144,,0.45780147417505707,,,,,,,,,,
145,,0.505035016978301,,,,,,,,,,
146,,0.0,,,,,,,,,,
147,,0.48737676704734567,,,,,,,,,,
148,,0.4851415407667359,,,,,,,,,,
149,,0.13040947530075933,,,,,,,,,,
150,,0.0,,,,,,,,,,
151,,0.5203619193966648,,,,,,,,,,
152,,0.41889390471801924,,,,,,,,,,
153,,0.13825175099601275,,,,,,,,,,
154,,0.3301544102911135,,,,,,,,,,
155,,0.0338974766326748,,,,,,,,,,
156,,0.0010781676630151702,,,,,,,,,,
157,,0.0,,,,,,,,,,
158,,0.0,,,,,,,,,,
159,,0.20821983806041863,,,,,,,,,,
160,,0.24530426663160979,,,,,,,,,,
161,,0.3623176093802267,,,,,,,,,,
162,,0.0,,,,,,,,,,
163,,0.0,,,,,,,,,,
164,,0.05761590958664873,,,,,,,,,,
165,,0.3614627691844655,,,,,,,,,,
166,,0.0011942306918933834,,,,,,,,,,
167,,0.0,,,,,,,,,,
168,,0.3449908833674682,,,,,,,,,,
169,,0.0,,,,,,,,,,
170,,0.04149565789856475,,,,,,,,,,
171,,0.3331734988840994,,,,,,,,,,
172,,0.32713586465931044,,,,,,,,,,
173,,0.3334372826198515,,,,,,,,,,
174,,0.17825298011816104,,,,,,,,,,
175,,0.34294275855426076,,,,,,,,,,
176,,1.8127811331981372,,,,,,,,,,
177,,1.2563195416455983,,,,,,,,,,
178,,0.5465173069016718,,,,,,,,,,
179,,1.9611162672888995,,,,,,,,,,
180,,0.09540806726315032,,,,,,,,,,
181,,1.1360003594127759,,,,,,,,,,
182,,0.18210350730747193,,,,,,,,,,
183,,1.9068517669398748,,,,,,,,,,
184,,1.4102530336854902,,,,,,,,,,
185,,0.5517751448288406,,,,,,,,,,
186,,1.5154931589070342,,,,,,,,,,
187,,1.4850585329092532,,,,,,,,,,
188,,1.495898225898494,,,,,,,,,,
189,,0.06666881576504119,,,,,,,,,,
190,,1.191822494675138,,,,,,,,,,
191,,0.1969553363312535,,,,,,,,,,
192,,0.902733520878738,,,,,,,,,,
193,,0.6602855013869748,,,,,,,,,,
194,,0.5744800737192035,,,,,,,,,,
195,,0.37291267449399457,,,,,,,,,,
196,,0.9016758771013986,,,,,,,,,,
197,,0.6981946104977703,,,,,,,,,,
198,,1.8703676955745077,,,,,,,,,,
199,,0.3954673819039918,,,,,,,,,,
200,,0.9153762610881412,,,,,,,,,,
201,,1.0051782049179487,,,,,,,,,,
202,,0.307050983453935,,,,,,,,,,
203,,1.1931356645762965,,,,,,,,,,
204,,0.1365369672959995,,,,,,,,,,
205,,0.3628941523109519,,,,,,,,,,
206,,1.6316372402289432,,,,,,,,,,
207,,0.2677213968902141,,,,,,,,,,
208,,1.6043218729449988,,,,,,,,,,
209,,0.5995461270290126,,,,,,,,,,
210,,1.5114137542627737,,,,,,,,,,
211,,0.14939170184175724,,,,,,,,,,
212,,1.491288044485871,,,,,,,,,,
213,,0.9552760412998812,,,,,,,,,,
214,,0.8562030229141693,,,,,,,,,,
215,,0.5779514943928168,,,,,,,,,,
216,,0.04724243427600517,,,,,,,,,,
217,,0.6631191599185964,,,,,,,,,,
218,,1.2081698959454603,,,,,,,,,,
219,,1.8886359061108204,,,,,,,,,,
