,n_start,xs,fval,best_par,nominal_par,par_names,opt_lh,conv_points,comp_time,opt_interval,startpoints,options
0,10.0,0.001873998483418911,464.7131430379787,0.001873998483418911,0.181256315,delta_EL,366.92150024762,0.0,0.0,0.0,,modelSelection run:10
1,,0.0005851027909173897,470.11003945979246,0.0005851027909173897,0.009697564740000001,delta_LM,,,,0.0,,
2,,0.0,470.62063448130687,0.0,0.00515080856,delta_NE,,,,0.0,,
3,,0.0,482.0443387191739,0.0,1.69961868e-05,mu_EE,,,,0.0,,
4,,0.0,488.8931302244961,0.0,4.34294518e-11,mu_LE,,,,0.0,,
5,,0.0,489.6895304189484,0.0,3.52437287e-06,mu_LL,,,,0.0,,
6,,0.22673047992835757,492.922003895477,0.22673047992835757,0.240526112,mu_N,,,,0.0,,
7,,1.0871797491048204e-06,493.58520466492433,1.0871797491048204e-06,4.342923230000001e-06,mu_P,,,,0.0,,
8,,0.05630428690670452,502.09352178288,0.05630428690670452,6.13435703e-11,mu_PE,,,,0.0,,
9,,1.231715401249251e-05,575.4052256117498,1.231715401249251e-05,1.57821086e-05,mu_PL,,,,0.0,,
10,,0.0,,0.0,0.178233035,rho_E,,,,0.0,,
11,,0.008890256303379349,,0.008890256303379349,0.0516858128,rho_P,,,,0.0,,
12,,0.10755682390033225,,0.10755682390033225,0.0,delta_NM,,,,0.0,,
13,,0.253707576844545,,0.253707576844545,0.0,delta_NL,,,,0.0,,
14,,9.182651129402232e-05,,9.182651129402232e-05,0.0,delta_EM,,,,0.0,,
15,,0.027927493420479822,,0.027927493420479822,0.0,delta_ME,,,,0.0,,
16,,0.04066267496722118,,0.04066267496722118,0.0,delta_LE,,,,0.0,,
17,,0.012060936146583469,,0.012060936146583469,0.0,delta_ML,,,,0.0,,
18,,0.0,,0.0,0.0,mu_E,,,,0.0,,
19,,0.0,,0.0,0.0,mu_M,,,,0.0,,
20,,0.0,,0.0,0.0,mu_L,,,,0.0,,
21,,0.0,,0.0,0.0,mu_EL,,,,0.0,,
22,,6.208763279911466e-08,,,,,,,,2.0,,
23,,0.01737554279793334,,,,,,,,2.0,,
24,,0.10234881569191714,,,,,,,,2.0,,
25,,5.610559834248334e-06,,,,,,,,2.0,,
26,,0.0004841401227381637,,,,,,,,2.0,,
27,,0.0,,,,,,,,2.0,,
28,,0.1803556849668555,,,,,,,,2.0,,
29,,0.02272281416896362,,,,,,,,2.0,,
30,,0.00040380119112213756,,,,,,,,2.0,,
31,,0.0,,,,,,,,2.0,,
32,,0.01314042566969676,,,,,,,,2.0,,
33,,0.0026418211421040984,,,,,,,,2.0,,
34,,0.09097166416943409,,,,,,,,2.0,,
35,,0.0,,,,,,,,2.0,,
36,,0.019002145895630623,,,,,,,,2.0,,
37,,0.0,,,,,,,,2.0,,
38,,0.0,,,,,,,,2.0,,
39,,0.11812359456006838,,,,,,,,2.0,,
40,,0.007539512727878319,,,,,,,,2.0,,
41,,0.0,,,,,,,,2.0,,
42,,0.0,,,,,,,,2.0,,
43,,0.008560525023331378,,,,,,,,2.0,,
44,,0.920684051434141,,,,,,,,,,
45,,0.6861206061536365,,,,,,,,,,
46,,0.45016087838559954,,,,,,,,,,
47,,0.1003058915568793,,,,,,,,,,
48,,0.2164425420925257,,,,,,,,,,
49,,0.0,,,,,,,,,,
50,,0.23691279835329587,,,,,,,,,,
51,,1.1118529138856603,,,,,,,,,,
52,,0.943050192730397,,,,,,,,,,
53,,0.6694833541680107,,,,,,,,,,
54,,0.296949649248869,,,,,,,,,,
55,,0.13004548714116745,,,,,,,,,,
56,,1.8028547538766542,,,,,,,,,,
57,,0.8976868179641349,,,,,,,,,,
58,,1.2986347483110954,,,,,,,,,,
59,,0.0,,,,,,,,,,
60,,0.0,,,,,,,,,,
61,,1.1509513718781557,,,,,,,,,,
62,,0.4691843531294815,,,,,,,,,,
63,,0.0,,,,,,,,,,
64,,0.0,,,,,,,,,,
65,,0.7349958910834226,,,,,,,,,,
66,,0.0,,,,,,,,,,
67,,0.2277715201307897,,,,,,,,,,
68,,1.790792730634406,,,,,,,,,,
69,,0.0,,,,,,,,,,
70,,0.6274036444490337,,,,,,,,,,
71,,0.21113703027179798,,,,,,,,,,
72,,0.2394290594576741,,,,,,,,,,
73,,0.9521716957411235,,,,,,,,,,
74,,0.28124732322249085,,,,,,,,,,
75,,0.9883931654895892,,,,,,,,,,
76,,0.5144117201762772,,,,,,,,,,
77,,0.03179127949100687,,,,,,,,,,
78,,0.31831178475057587,,,,,,,,,,
79,,0.0,,,,,,,,,,
80,,0.7094596911837667,,,,,,,,,,
81,,1.0309340956238564,,,,,,,,,,
82,,0.6096627046480864,,,,,,,,,,
83,,0.0,,,,,,,,,,
84,,0.0,,,,,,,,,,
85,,0.0,,,,,,,,,,
86,,0.3344020015266197,,,,,,,,,,
87,,1.288771575311709,,,,,,,,,,
88,,0.004460289270711166,,,,,,,,,,
89,,1.3940375360795338,,,,,,,,,,
90,,0.12706242701738743,,,,,,,,,,
91,,0.11941675565655065,,,,,,,,,,
92,,0.11016502774515011,,,,,,,,,,
93,,0.015621758932496082,,,,,,,,,,
94,,0.1941997064339743,,,,,,,,,,
95,,0.26586132238089416,,,,,,,,,,
96,,0.22542389366558122,,,,,,,,,,
97,,0.4416993718328316,,,,,,,,,,
98,,0.2968434402314705,,,,,,,,,,
99,,0.6019012304307255,,,,,,,,,,
100,,1.5859401528269188,,,,,,,,,,
101,,0.5970294950699229,,,,,,,,,,
102,,1.1150380807915958,,,,,,,,,,
103,,0.1016385045227221,,,,,,,,,,
104,,0.13526421158966712,,,,,,,,,,
105,,0.08577605162970299,,,,,,,,,,
106,,0.04141497994785442,,,,,,,,,,
107,,0.028919635463965882,,,,,,,,,,
108,,0.1760244877005395,,,,,,,,,,
109,,0.50716285624374,,,,,,,,,,
110,,0.17382843854060565,,,,,,,,,,
111,,0.011179380413451142,,,,,,,,,,
112,,0.5254565900168291,,,,,,,,,,
113,,0.19218377538064943,,,,,,,,,,
114,,0.19176507867120599,,,,,,,,,,
115,,0.04153746434749003,,,,,,,,,,
116,,0.17733980237835223,,,,,,,,,,
117,,0.14794989547921153,,,,,,,,,,
118,,0.02507865801399578,,,,,,,,,,
119,,0.8725631017817976,,,,,,,,,,
120,,0.00042478197407893497,,,,,,,,,,
121,,6.512510471221604e-05,,,,,,,,,,
122,,0.710635809586545,,,,,,,,,,
123,,0.0006829843422621921,,,,,,,,,,
124,,0.11957500771384162,,,,,,,,,,
125,,0.0,,,,,,,,,,
126,,0.3199593167281579,,,,,,,,,,
127,,0.0,,,,,,,,,,
128,,0.03332887356639127,,,,,,,,,,
129,,0.09596158265498946,,,,,,,,,,
130,,0.014657038191813817,,,,,,,,,,
131,,0.13011025880406418,,,,,,,,,,
132,,0.0,,,,,,,,,,
133,,0.43275350298459864,,,,,,,,,,
134,,0.4246839148849425,,,,,,,,,,
135,,0.0,,,,,,,,,,
136,,0.16516464159766522,,,,,,,,,,
137,,0.3408132984660875,,,,,,,,,,
138,,0.6651065629862568,,,,,,,,,,
139,,0.3169609643439385,,,,,,,,,,
140,,0.1023241216587992,,,,,,,,,,
141,,0.15281091761558593,,,,,,,,,,
142,,0.4001323821647033,,,,,,,,,,
143,,0.3385969301231784,,,,,,,,,,
144,,0.45780147417505707,,,,,,,,,,
145,,0.505035016978301,,,,,,,,,,
146,,0.0,,,,,,,,,,
147,,0.48737676704734567,,,,,,,,,,
148,,0.4851415407667359,,,,,,,,,,
149,,0.13040947530075933,,,,,,,,,,
150,,0.0,,,,,,,,,,
151,,0.5203619193966648,,,,,,,,,,
152,,0.41889390471801924,,,,,,,,,,
153,,0.13825175099601275,,,,,,,,,,
154,,0.3301544102911135,,,,,,,,,,
155,,0.0338974766326748,,,,,,,,,,
156,,0.0010781676630151702,,,,,,,,,,
157,,0.0,,,,,,,,,,
158,,0.0,,,,,,,,,,
159,,0.20821983806041863,,,,,,,,,,
160,,0.24530426663160979,,,,,,,,,,
161,,0.3623176093802267,,,,,,,,,,
162,,0.0,,,,,,,,,,
163,,0.0,,,,,,,,,,
164,,0.05761590958664873,,,,,,,,,,
165,,0.3614627691844655,,,,,,,,,,
166,,0.0011942306918933834,,,,,,,,,,
167,,0.0,,,,,,,,,,
168,,0.3449908833674682,,,,,,,,,,
169,,0.0,,,,,,,,,,
170,,0.04149565789856475,,,,,,,,,,
171,,0.3331734988840994,,,,,,,,,,
172,,0.32713586465931044,,,,,,,,,,
173,,0.3334372826198515,,,,,,,,,,
174,,0.17825298011816104,,,,,,,,,,
175,,0.34294275855426076,,,,,,,,,,
176,,1.8127811331981372,,,,,,,,,,
177,,1.2563195416455983,,,,,,,,,,
178,,0.5465173069016718,,,,,,,,,,
179,,1.9611162672888995,,,,,,,,,,
180,,0.09540806726315032,,,,,,,,,,
181,,1.1360003594127759,,,,,,,,,,
182,,0.18210350730747193,,,,,,,,,,
183,,1.9068517669398748,,,,,,,,,,
184,,1.4102530336854902,,,,,,,,,,
185,,0.5517751448288406,,,,,,,,,,
186,,1.5154931589070342,,,,,,,,,,
187,,1.4850585329092532,,,,,,,,,,
188,,1.495898225898494,,,,,,,,,,
189,,0.06666881576504119,,,,,,,,,,
190,,1.191822494675138,,,,,,,,,,
191,,0.1969553363312535,,,,,,,,,,
192,,0.902733520878738,,,,,,,,,,
193,,0.6602855013869748,,,,,,,,,,
194,,0.5744800737192035,,,,,,,,,,
195,,0.37291267449399457,,,,,,,,,,
196,,0.9016758771013986,,,,,,,,,,
197,,0.6981946104977703,,,,,,,,,,
198,,1.8703676955745077,,,,,,,,,,
199,,0.3954673819039918,,,,,,,,,,
200,,0.9153762610881412,,,,,,,,,,
201,,1.0051782049179487,,,,,,,,,,
202,,0.307050983453935,,,,,,,,,,
203,,1.1931356645762965,,,,,,,,,,
204,,0.1365369672959995,,,,,,,,,,
205,,0.3628941523109519,,,,,,,,,,
206,,1.6316372402289432,,,,,,,,,,
207,,0.2677213968902141,,,,,,,,,,
208,,1.6043218729449988,,,,,,,,,,
209,,0.5995461270290126,,,,,,,,,,
210,,1.5114137542627737,,,,,,,,,,
211,,0.14939170184175724,,,,,,,,,,
212,,1.491288044485871,,,,,,,,,,
213,,0.9552760412998812,,,,,,,,,,
214,,0.8562030229141693,,,,,,,,,,
215,,0.5779514943928168,,,,,,,,,,
216,,0.04724243427600517,,,,,,,,,,
217,,0.6631191599185964,,,,,,,,,,
218,,1.2081698959454603,,,,,,,,,,
219,,1.8886359061108204,,,,,,,,,,
