,n_start,xs,fval,best_par,nominal_par,par_names,opt_lh,conv_points,comp_time,opt_interval,startpoints,options
0,10.0,0.043949027249322585,217.86550215660708,0.043949027249322585,0.181256315,delta_EL,209.44338489560877,0.0,0.0,0.0,,modelSelection run:20
1,,0.009180887870563561,252.71885982261836,0.009180887870563561,0.009697564740000001,delta_LM,,,,0.0,,
2,,0.000304316370691066,258.53852295345257,0.000304316370691066,0.00515080856,delta_NE,,,,0.0,,
3,,5.479064233361866e-06,260.1605110103738,5.479064233361866e-06,1.69961868e-05,mu_EE,,,,0.0,,
4,,0.0,275.1275591867791,0.0,4.34294518e-11,mu_LE,,,,0.0,,
5,,3.1065255192142152e-06,285.23194978416126,3.1065255192142152e-06,3.52437287e-06,mu_LL,,,,0.0,,
6,,0.21579544513972584,305.3203453202276,0.21579544513972584,0.240526112,mu_N,,,,0.0,,
7,,4.1126849926134064e-10,341.22011934840737,4.1126849926134064e-10,4.342923230000001e-06,mu_P,,,,0.0,,
8,,4.366284839958839e-06,348.6571714993266,4.366284839958839e-06,6.13435703e-11,mu_PE,,,,0.0,,
9,,1.1821455651655002e-06,520.8819249829013,1.1821455651655002e-06,1.57821086e-05,mu_PL,,,,0.0,,
10,,0.18000636420619923,,0.18000636420619923,0.178233035,rho_E,,,,0.0,,
11,,0.05497608719332529,,0.05497608719332529,0.0516858128,rho_P,,,,0.0,,
12,,0.0007728113666004065,,0.0007728113666004065,0.0,delta_NM,,,,0.0,,
13,,0.01584856549630103,,0.01584856549630103,0.0,delta_NL,,,,0.0,,
14,,0.0,,0.0,0.0,delta_EM,,,,0.0,,
15,,0.007393671877189812,,0.007393671877189812,0.0,delta_ME,,,,0.0,,
16,,0.0,,0.0,0.0,delta_LE,,,,0.0,,
17,,0.10328883656139486,,0.10328883656139486,0.0,delta_ML,,,,0.0,,
18,,0.0006943651587430876,,0.0006943651587430876,0.0,mu_E,,,,0.0,,
19,,0.009597810606702553,,0.009597810606702553,0.0,mu_M,,,,0.0,,
20,,0.0,,0.0,0.0,mu_L,,,,0.0,,
21,,9.674743795266507e-06,,9.674743795266507e-06,0.0,mu_EL,,,,0.0,,
22,,0.0,,,,,,,,2.0,,
23,,0.0,,,,,,,,2.0,,
24,,0.025210695538950504,,,,,,,,2.0,,
25,,0.0,,,,,,,,2.0,,
26,,0.0,,,,,,,,2.0,,
27,,8.849925110412971e-05,,,,,,,,2.0,,
28,,0.10952233252249056,,,,,,,,2.0,,
29,,0.0,,,,,,,,2.0,,
30,,0.0,,,,,,,,2.0,,
31,,0.0,,,,,,,,2.0,,
32,,0.0,,,,,,,,2.0,,
33,,5.6993907342988444e-05,,,,,,,,2.0,,
34,,0.00978252738055233,,,,,,,,2.0,,
35,,0.09513762787760939,,,,,,,,2.0,,
36,,0.0,,,,,,,,2.0,,
37,,7.439364070099538e-06,,,,,,,,2.0,,
38,,2.5124659044095568e-05,,,,,,,,2.0,,
39,,0.0,,,,,,,,2.0,,
40,,0.0,,,,,,,,2.0,,
41,,0.0,,,,,,,,2.0,,
42,,0.0,,,,,,,,2.0,,
43,,0.0,,,,,,,,2.0,,
44,,0.0,,,,,,,,,,
45,,0.005324239907592941,,,,,,,,,,
46,,2.4447110090746174e-09,,,,,,,,,,
47,,0.0,,,,,,,,,,
48,,0.0,,,,,,,,,,
49,,9.661508596229999e-05,,,,,,,,,,
50,,2.9625507087818983e-09,,,,,,,,,,
51,,0.0,,,,,,,,,,
52,,0.0,,,,,,,,,,
53,,0.0,,,,,,,,,,
54,,0.009450990665518019,,,,,,,,,,
55,,9.493287018319303e-10,,,,,,,,,,
56,,0.0039447816004083616,,,,,,,,,,
57,,0.23194439007636763,,,,,,,,,,
58,,2.903664766158576e-05,,,,,,,,,,
59,,0.0,,,,,,,,,,
60,,0.015999152427006582,,,,,,,,,,
61,,0.0,,,,,,,,,,
62,,0.0,,,,,,,,,,
63,,0.0,,,,,,,,,,
64,,0.0,,,,,,,,,,
65,,0.0,,,,,,,,,,
66,,0.0,,,,,,,,,,
67,,0.0,,,,,,,,,,
68,,0.03600374938013759,,,,,,,,,,
69,,0.0,,,,,,,,,,
70,,0.0,,,,,,,,,,
71,,0.0,,,,,,,,,,
72,,0.13732989644814245,,,,,,,,,,
73,,0.0,,,,,,,,,,
74,,0.0,,,,,,,,,,
75,,0.0,,,,,,,,,,
76,,0.00011993869926627347,,,,,,,,,,
77,,1.489885935824573e-13,,,,,,,,,,
78,,0.02567142855090885,,,,,,,,,,
79,,0.02494693178799622,,,,,,,,,,
80,,0.0,,,,,,,,,,
81,,4.305532531928665e-07,,,,,,,,,,
82,,2.266784974273676e-09,,,,,,,,,,
83,,0.06263311025125677,,,,,,,,,,
84,,0.0,,,,,,,,,,
85,,7.039590505838939e-15,,,,,,,,,,
86,,0.0,,,,,,,,,,
87,,0.0,,,,,,,,,,
88,,0.007238624898436457,,,,,,,,,,
89,,0.0,,,,,,,,,,
90,,0.020147411985669574,,,,,,,,,,
91,,0.0,,,,,,,,,,
92,,0.0,,,,,,,,,,
93,,0.0,,,,,,,,,,
94,,0.2008726629555676,,,,,,,,,,
95,,0.0013894232174547394,,,,,,,,,,
96,,0.0,,,,,,,,,,
97,,0.0,,,,,,,,,,
98,,0.011051651723962731,,,,,,,,,,
99,,0.015122922543234291,,,,,,,,,,
100,,0.05928197248663984,,,,,,,,,,
101,,0.002555044368508279,,,,,,,,,,
102,,0.012573404028686862,,,,,,,,,,
103,,0.02039287819452268,,,,,,,,,,
104,,0.0222824034829103,,,,,,,,,,
105,,0.09600447283733471,,,,,,,,,,
106,,0.0,,,,,,,,,,
107,,0.00015429514533291837,,,,,,,,,,
108,,0.0,,,,,,,,,,
109,,0.0,,,,,,,,,,
110,,0.06473780333116373,,,,,,,,,,
111,,2.834338937052967e-09,,,,,,,,,,
112,,0.006673009227698163,,,,,,,,,,
113,,0.0,,,,,,,,,,
114,,0.0,,,,,,,,,,
115,,0.0,,,,,,,,,,
116,,0.17134136792326643,,,,,,,,,,
117,,0.0,,,,,,,,,,
118,,7.811328898704194e-06,,,,,,,,,,
119,,0.0,,,,,,,,,,
120,,0.1326244344728454,,,,,,,,,,
121,,0.01175607283937592,,,,,,,,,,
122,,0.04715753055138465,,,,,,,,,,
123,,0.0032195317918790496,,,,,,,,,,
124,,0.0026422807957290993,,,,,,,,,,
125,,2.688699269061985e-11,,,,,,,,,,
126,,0.060227073946913685,,,,,,,,,,
127,,0.10418548999910425,,,,,,,,,,
128,,0.0,,,,,,,,,,
129,,0.003328686898883898,,,,,,,,,,
130,,0.0,,,,,,,,,,
131,,1.8669450444076208e-05,,,,,,,,,,
132,,0.15309687082319665,,,,,,,,,,
133,,0.0024486006608764126,,,,,,,,,,
134,,0.0,,,,,,,,,,
135,,0.0,,,,,,,,,,
136,,0.0,,,,,,,,,,
137,,7.919585361277989e-06,,,,,,,,,,
138,,0.22188837810915005,,,,,,,,,,
139,,0.000254303393296785,,,,,,,,,,
140,,0.0,,,,,,,,,,
141,,4.4124548817617696e-06,,,,,,,,,,
142,,0.30046448610205184,,,,,,,,,,
143,,0.03530967959032888,,,,,,,,,,
144,,0.0033235384878204325,,,,,,,,,,
145,,0.0060692998432291135,,,,,,,,,,
146,,0.0062266292980508835,,,,,,,,,,
147,,0.12828301346482734,,,,,,,,,,
148,,0.0014295997779050285,,,,,,,,,,
149,,0.07135614880052611,,,,,,,,,,
150,,0.0024852819083920103,,,,,,,,,,
151,,0.0,,,,,,,,,,
152,,0.00010289786137389256,,,,,,,,,,
153,,1.8254917947019986e-05,,,,,,,,,,
154,,0.0002233034006843762,,,,,,,,,,
155,,0.027575442480289973,,,,,,,,,,
156,,0.015152815858601641,,,,,,,,,,
157,,4.9286357243160905e-05,,,,,,,,,,
158,,0.11553558509185842,,,,,,,,,,
159,,0.021479738415714864,,,,,,,,,,
160,,0.14294611397147686,,,,,,,,,,
161,,0.0,,,,,,,,,,
162,,2.633128377338602e-06,,,,,,,,,,
163,,0.0,,,,,,,,,,
164,,0.10586036682303816,,,,,,,,,,
165,,0.012688254529709928,,,,,,,,,,
166,,0.06262485676664596,,,,,,,,,,
167,,0.03572821353517879,,,,,,,,,,
168,,0.012592501597016942,,,,,,,,,,
169,,0.06479445140932587,,,,,,,,,,
170,,0.11440479593255959,,,,,,,,,,
171,,0.06206283246666841,,,,,,,,,,
172,,0.000248363233616768,,,,,,,,,,
173,,0.027109423421396907,,,,,,,,,,
174,,0.06472079873310486,,,,,,,,,,
175,,0.05255241250727358,,,,,,,,,,
176,,0.0,,,,,,,,,,
177,,0.07368707781269124,,,,,,,,,,
178,,0.05127761249235263,,,,,,,,,,
179,,1.202340028929557e-05,,,,,,,,,,
180,,0.041579153189062565,,,,,,,,,,
181,,0.042506420470172696,,,,,,,,,,
182,,0.12754144278094393,,,,,,,,,,
183,,0.04931877694199635,,,,,,,,,,
184,,8.523497204472595e-06,,,,,,,,,,
185,,0.0,,,,,,,,,,
186,,0.0685409815658328,,,,,,,,,,
187,,0.05829457805686021,,,,,,,,,,
188,,0.0598140841675025,,,,,,,,,,
189,,0.0794329509270977,,,,,,,,,,
190,,0.018637357781297572,,,,,,,,,,
191,,0.06699705278548151,,,,,,,,,,
192,,0.08284174827672038,,,,,,,,,,
193,,0.012848449994836924,,,,,,,,,,
194,,0.0,,,,,,,,,,
195,,0.08096123918178345,,,,,,,,,,
196,,0.07119529470165295,,,,,,,,,,
197,,0.023625254788880813,,,,,,,,,,
198,,0.0,,,,,,,,,,
199,,0.0,,,,,,,,,,
200,,0.0,,,,,,,,,,
201,,0.0,,,,,,,,,,
202,,0.0,,,,,,,,,,
203,,0.0,,,,,,,,,,
204,,0.6489212056682577,,,,,,,,,,
205,,0.0,,,,,,,,,,
206,,0.0,,,,,,,,,,
207,,0.04674745105258675,,,,,,,,,,
208,,0.0,,,,,,,,,,
209,,0.0,,,,,,,,,,
210,,0.04920074858712308,,,,,,,,,,
211,,0.5553504482983982,,,,,,,,,,
212,,0.0,,,,,,,,,,
213,,0.0,,,,,,,,,,
214,,0.0,,,,,,,,,,
215,,0.0,,,,,,,,,,
216,,0.0,,,,,,,,,,
217,,0.0,,,,,,,,,,
218,,0.0,,,,,,,,,,
219,,0.0,,,,,,,,,,
