,n_start,xs,fval,best_par,nominal_par,par_names,opt_lh,conv_points,comp_time,opt_interval,startpoints,options
0,10.0,0.00494568418468895,319.0846673481353,0.00494568418468895,0.181256315,delta_EL,221.2105467180145,0.0,0.0,0.0,,modelSelection run:16
1,,0.0,319.1047531436973,0.0,0.009697564740000001,delta_LM,,,,0.0,,
2,,3.237507854433624e-09,319.5948458227525,3.237507854433624e-09,0.00515080856,delta_NE,,,,0.0,,
3,,0.0,320.9056805157845,0.0,1.69961868e-05,mu_EE,,,,0.0,,
4,,0.0,323.69328456780255,0.0,4.34294518e-11,mu_LE,,,,0.0,,
5,,0.0,324.3871345380322,0.0,3.52437287e-06,mu_LL,,,,0.0,,
6,,0.2250807382558001,330.100309589515,0.2250807382558001,0.240526112,mu_N,,,,0.0,,
7,,8.739892127307105e-07,338.085421397075,8.739892127307105e-07,4.342923230000001e-06,mu_P,,,,0.0,,
8,,0.05543928919126695,341.95291819980685,0.05543928919126695,6.13435703e-11,mu_PE,,,,0.0,,
9,,0.00011428719077945454,353.09850234426284,0.00011428719077945454,1.57821086e-05,mu_PL,,,,0.0,,
10,,0.0,,0.0,0.178233035,rho_E,,,,0.0,,
11,,0.008551255424054379,,0.008551255424054379,0.0516858128,rho_P,,,,0.0,,
12,,0.12202229589735145,,0.12202229589735145,0.0,delta_NM,,,,0.0,,
13,,0.25045458848684615,,0.25045458848684615,0.0,delta_NL,,,,0.0,,
14,,0.0,,0.0,0.0,delta_EM,,,,0.0,,
15,,0.029297620187317984,,0.029297620187317984,0.0,delta_ME,,,,0.0,,
16,,0.040114064325824816,,0.040114064325824816,0.0,delta_LE,,,,0.0,,
17,,0.01462886398048789,,0.01462886398048789,0.0,delta_ML,,,,0.0,,
18,,0.0,,0.0,0.0,mu_E,,,,0.0,,
19,,0.0,,0.0,0.0,mu_M,,,,0.0,,
20,,0.0,,0.0,0.0,mu_L,,,,0.0,,
21,,0.0,,0.0,0.0,mu_EL,,,,0.0,,
22,,0.0,,,,,,,,2.0,,
23,,0.008511583399243421,,,,,,,,2.0,,
24,,0.0010404207146811077,,,,,,,,2.0,,
25,,0.0,,,,,,,,2.0,,
26,,0.0,,,,,,,,2.0,,
27,,0.0,,,,,,,,2.0,,
28,,0.22508632512846408,,,,,,,,2.0,,
29,,0.0,,,,,,,,2.0,,
30,,0.0,,,,,,,,2.0,,
31,,0.0030794837620528735,,,,,,,,2.0,,
32,,0.0,,,,,,,,2.0,,
33,,0.03194413688076898,,,,,,,,2.0,,
34,,0.1598666942720628,,,,,,,,2.0,,
35,,0.0,,,,,,,,2.0,,
36,,0.0208989070030697,,,,,,,,2.0,,
37,,0.019594323405035717,,,,,,,,2.0,,
38,,0.04522647735836053,,,,,,,,2.0,,
39,,0.10582507133863941,,,,,,,,2.0,,
40,,0.0,,,,,,,,2.0,,
41,,0.0,,,,,,,,2.0,,
42,,0.0,,,,,,,,2.0,,
43,,0.0,,,,,,,,2.0,,
44,,0.0,,,,,,,,,,
45,,6.487701717599433e-05,,,,,,,,,,
46,,0.0023484053098195242,,,,,,,,,,
47,,0.0,,,,,,,,,,
48,,0.0,,,,,,,,,,
49,,0.0,,,,,,,,,,
50,,0.21057766333849062,,,,,,,,,,
51,,0.00601813272162162,,,,,,,,,,
52,,0.0008138933048086617,,,,,,,,,,
53,,0.027066112760041408,,,,,,,,,,
54,,0.009328300745676851,,,,,,,,,,
55,,0.0,,,,,,,,,,
56,,0.41627947207246496,,,,,,,,,,
57,,0.01048949278420473,,,,,,,,,,
58,,0.00011327148972579643,,,,,,,,,,
59,,0.04821938968805333,,,,,,,,,,
60,,0.0004102728796829572,,,,,,,,,,
61,,0.05469720197038336,,,,,,,,,,
62,,0.0,,,,,,,,,,
63,,0.009041168462364356,,,,,,,,,,
64,,0.0,,,,,,,,,,
65,,0.0,,,,,,,,,,
66,,0.0033955673324050925,,,,,,,,,,
67,,8.088242242248366e-05,,,,,,,,,,
68,,0.055319922978348895,,,,,,,,,,
69,,0.00023919725248794613,,,,,,,,,,
70,,0.0,,,,,,,,,,
71,,0.0,,,,,,,,,,
72,,0.1537822624116559,,,,,,,,,,
73,,0.0,,,,,,,,,,
74,,0.0,,,,,,,,,,
75,,0.0,,,,,,,,,,
76,,0.0282444603815751,,,,,,,,,,
77,,0.009828482040558568,,,,,,,,,,
78,,0.055171045509383815,,,,,,,,,,
79,,0.004888014911669113,,,,,,,,,,
80,,0.0,,,,,,,,,,
81,,0.010278359461061485,,,,,,,,,,
82,,6.823961446008277e-05,,,,,,,,,,
83,,0.09144600800000607,,,,,,,,,,
84,,0.0,,,,,,,,,,
85,,0.0006960779343321924,,,,,,,,,,
86,,0.0,,,,,,,,,,
87,,0.0,,,,,,,,,,
88,,0.008858109308600448,,,,,,,,,,
89,,0.0,,,,,,,,,,
90,,0.00013577437977504737,,,,,,,,,,
91,,0.0,,,,,,,,,,
92,,0.0,,,,,,,,,,
93,,0.0,,,,,,,,,,
94,,0.20645493713671365,,,,,,,,,,
95,,0.004691662291526632,,,,,,,,,,
96,,0.0,,,,,,,,,,
97,,0.0,,,,,,,,,,
98,,0.00037778377654074243,,,,,,,,,,
99,,0.012020073315119164,,,,,,,,,,
100,,0.056824072159045724,,,,,,,,,,
101,,1.1914227721304014e-05,,,,,,,,,,
102,,0.014774370857794815,,,,,,,,,,
103,,4.892094238718995e-05,,,,,,,,,,
104,,2.0047669348274384e-05,,,,,,,,,,
105,,0.09729396243755373,,,,,,,,,,
106,,0.0,,,,,,,,,,
107,,0.0,,,,,,,,,,
108,,0.0,,,,,,,,,,
109,,0.0,,,,,,,,,,
110,,0.003337130452522277,,,,,,,,,,
111,,0.014184400446529102,,,,,,,,,,
112,,3.6240755838608455e-08,,,,,,,,,,
113,,0.0,,,,,,,,,,
114,,0.0027311480601959824,,,,,,,,,,
115,,0.0,,,,,,,,,,
116,,0.22602097923924527,,,,,,,,,,
117,,0.0,,,,,,,,,,
118,,0.0,,,,,,,,,,
119,,0.0008680689459300149,,,,,,,,,,
120,,3.217738960451809e-11,,,,,,,,,,
121,,2.138155075162642e-11,,,,,,,,,,
122,,0.06749727931187559,,,,,,,,,,
123,,0.032305688723263865,,,,,,,,,,
124,,9.64327466553287e-17,,,,,,,,,,
125,,0.0,,,,,,,,,,
126,,0.0,,,,,,,,,,
127,,0.0942694751415936,,,,,,,,,,
128,,0.0,,,,,,,,,,
129,,0.0,,,,,,,,,,
130,,0.0,,,,,,,,,,
131,,0.06793668152963309,,,,,,,,,,
132,,0.0,,,,,,,,,,
133,,0.0484022253425272,,,,,,,,,,
134,,0.0,,,,,,,,,,
135,,7.759763705487018e-06,,,,,,,,,,
136,,0.18218470791527133,,,,,,,,,,
137,,0.03832660987385368,,,,,,,,,,
138,,0.20138433416626966,,,,,,,,,,
139,,0.0,,,,,,,,,,
140,,1.3191174200989969e-05,,,,,,,,,,
141,,0.0,,,,,,,,,,
142,,0.16409605688198414,,,,,,,,,,
143,,0.005693146372374919,,,,,,,,,,
144,,0.0855082517635052,,,,,,,,,,
145,,0.024719856644882805,,,,,,,,,,
146,,0.034806273048093944,,,,,,,,,,
147,,0.09000329247954508,,,,,,,,,,
148,,0.18321027302973256,,,,,,,,,,
149,,0.09917930648239706,,,,,,,,,,
150,,0.0,,,,,,,,,,
151,,1.800207160013789e-06,,,,,,,,,,
152,,0.10608244265012443,,,,,,,,,,
153,,0.0931755940682856,,,,,,,,,,
154,,0.0,,,,,,,,,,
155,,0.0,,,,,,,,,,
156,,0.0,,,,,,,,,,
157,,0.0,,,,,,,,,,
158,,0.0,,,,,,,,,,
159,,0.0,,,,,,,,,,
160,,0.6489212056682577,,,,,,,,,,
161,,0.0,,,,,,,,,,
162,,0.0,,,,,,,,,,
163,,0.04674745105258675,,,,,,,,,,
164,,0.0,,,,,,,,,,
165,,0.0,,,,,,,,,,
166,,0.04920074858712308,,,,,,,,,,
167,,0.5553504482983982,,,,,,,,,,
168,,0.0,,,,,,,,,,
169,,0.0,,,,,,,,,,
170,,0.0,,,,,,,,,,
171,,0.0,,,,,,,,,,
172,,0.0,,,,,,,,,,
173,,0.0,,,,,,,,,,
174,,0.0,,,,,,,,,,
175,,0.0,,,,,,,,,,
176,,0.0,,,,,,,,,,
177,,0.07486750400252364,,,,,,,,,,
178,,0.05144095154130696,,,,,,,,,,
179,,0.0,,,,,,,,,,
180,,0.041616507388194314,,,,,,,,,,
181,,0.04320362248402669,,,,,,,,,,
182,,0.11539699470156281,,,,,,,,,,
183,,0.0515415825979129,,,,,,,,,,
184,,0.0,,,,,,,,,,
185,,0.004787390598407165,,,,,,,,,,
186,,0.06955377175043624,,,,,,,,,,
187,,0.05862828461292375,,,,,,,,,,
188,,0.06014775967705002,,,,,,,,,,
189,,0.08067136022280488,,,,,,,,,,
190,,0.006259399616386755,,,,,,,,,,
191,,0.06838279097324654,,,,,,,,,,
192,,0.08409165332565595,,,,,,,,,,
193,,0.013816132737375735,,,,,,,,,,
194,,0.0,,,,,,,,,,
195,,0.08242528840391565,,,,,,,,,,
196,,0.07235625172214463,,,,,,,,,,
197,,0.011873453074461315,,,,,,,,,,
198,,0.3301544102911135,,,,,,,,,,
199,,0.0338974766326748,,,,,,,,,,
200,,0.0010781676630151702,,,,,,,,,,
201,,0.0,,,,,,,,,,
202,,0.0,,,,,,,,,,
203,,0.20821983806041863,,,,,,,,,,
204,,0.24530426663160979,,,,,,,,,,
205,,0.3623176093802267,,,,,,,,,,
206,,0.0,,,,,,,,,,
207,,0.0,,,,,,,,,,
208,,0.05761590958664873,,,,,,,,,,
209,,0.3614627691844655,,,,,,,,,,
210,,0.0011942306918933834,,,,,,,,,,
211,,0.0,,,,,,,,,,
212,,0.3449908833674682,,,,,,,,,,
213,,0.0,,,,,,,,,,
214,,0.04149565789856475,,,,,,,,,,
215,,0.3331734988840994,,,,,,,,,,
216,,0.32713586465931044,,,,,,,,,,
217,,0.3334372826198515,,,,,,,,,,
218,,0.17825298011816104,,,,,,,,,,
219,,0.34294275855426076,,,,,,,,,,
