,n_start,xs,fval,best_par,nominal_par,par_names,opt_lh,conv_points,comp_time,opt_interval,startpoints,options
0,10.0,0.0,579.7823559235022,0.0,0.181256315,delta_EL,464.7403870457026,0.0,0.0,0.0,,modelSelection run:6
1,,0.22778207091641378,583.5178957971694,0.22778207091641378,0.009697564740000001,delta_LM,,,,0.0,,
2,,1.7911624443374052,584.3901335862251,1.7911624443374052,0.00515080856,delta_NE,,,,0.0,,
3,,0.0,586.6542522423586,0.0,1.69961868e-05,mu_EE,,,,0.0,,
4,,0.6274301250715767,591.4099901456825,0.6274301250715767,4.34294518e-11,mu_LE,,,,0.0,,
5,,0.2111471845726937,591.4100869578515,0.2111471845726937,3.52437287e-06,mu_LL,,,,0.0,,
6,,0.23935846327759272,591.4119046014137,0.23935846327759272,0.240526112,mu_N,,,,0.0,,
7,,0.9522279790929465,593.2837376911361,0.9522279790929465,4.342923230000001e-06,mu_P,,,,0.0,,
8,,0.28129574869713203,599.6299726385018,0.28129574869713203,6.13435703e-11,mu_PE,,,,0.0,,
9,,0.9884539708711723,672.9813398226156,0.9884539708711723,1.57821086e-05,mu_PL,,,,0.0,,
10,,0.5144293796306021,,0.5144293796306021,0.178233035,rho_E,,,,0.0,,
11,,0.031797970938022606,,0.031797970938022606,0.0516858128,rho_P,,,,0.0,,
12,,0.3183237113294916,,0.3183237113294916,0.0,delta_NM,,,,0.0,,
13,,2.4670204355889315e-09,,2.4670204355889315e-09,0.0,delta_NL,,,,0.0,,
14,,0.7094859860758991,,0.7094859860758991,0.0,delta_EM,,,,0.0,,
15,,1.0310061251480298,,1.0310061251480298,0.0,delta_ME,,,,0.0,,
16,,0.6096881252897912,,0.6096881252897912,0.0,delta_LE,,,,0.0,,
17,,0.0,,0.0,0.0,delta_ML,,,,0.0,,
18,,0.0,,0.0,0.0,mu_E,,,,0.0,,
19,,0.0,,0.0,0.0,mu_M,,,,0.0,,
20,,0.33441548858877135,,0.33441548858877135,0.0,mu_L,,,,0.0,,
21,,1.2888930157570184,,1.2888930157570184,0.0,mu_EL,,,,0.0,,
22,,0.735131376097891,,,,,,,,2.0,,
23,,1.0962637690708588,,,,,,,,2.0,,
24,,0.09414410995657807,,,,,,,,2.0,,
25,,0.018098017840307797,,,,,,,,2.0,,
26,,0.20888175706717885,,,,,,,,2.0,,
27,,0.0,,,,,,,,2.0,,
28,,0.2291974158119963,,,,,,,,2.0,,
29,,0.9309085042385091,,,,,,,,2.0,,
30,,0.606069192522846,,,,,,,,2.0,,
31,,0.4276608236269114,,,,,,,,2.0,,
32,,0.2931409759291722,,,,,,,,2.0,,
33,,0.1623960237821819,,,,,,,,2.0,,
34,,1.6862652807250573,,,,,,,,2.0,,
35,,0.7477524789677458,,,,,,,,2.0,,
36,,0.9745094071526335,,,,,,,,2.0,,
37,,0.0001642563667602765,,,,,,,,2.0,,
38,,0.289537592439987,,,,,,,,2.0,,
39,,0.37407227004717725,,,,,,,,2.0,,
40,,0.42483544968968134,,,,,,,,2.0,,
41,,0.0,,,,,,,,2.0,,
42,,0.0,,,,,,,,2.0,,
43,,0.0,,,,,,,,2.0,,
44,,0.00809421366103392,,,,,,,,,,
45,,1.9882093362693645,,,,,,,,,,
46,,1.47107716768499,,,,,,,,,,
47,,0.0066242952868277825,,,,,,,,,,
48,,1.7284804275815489,,,,,,,,,,
49,,0.664802350566672,,,,,,,,,,
50,,0.24356068414223203,,,,,,,,,,
51,,0.8364401964038573,,,,,,,,,,
52,,1.7729909176752148,,,,,,,,,,
53,,0.12740212550662258,,,,,,,,,,
54,,0.8864292593558717,,,,,,,,,,
55,,0.32307572938584617,,,,,,,,,,
56,,1.900649510060678,,,,,,,,,,
57,,0.0,,,,,,,,,,
58,,1.1794643474448492,,,,,,,,,,
59,,0.0,,,,,,,,,,
60,,0.0,,,,,,,,,,
61,,0.03175227322991996,,,,,,,,,,
62,,0.7451002374950397,,,,,,,,,,
63,,0.0,,,,,,,,,,
64,,0.0,,,,,,,,,,
65,,0.4206881381553416,,,,,,,,,,
66,,0.004460289270711166,,,,,,,,,,
67,,1.3940375360795338,,,,,,,,,,
68,,0.12706242701738743,,,,,,,,,,
69,,0.11941675565655065,,,,,,,,,,
70,,0.11016502774515011,,,,,,,,,,
71,,0.015621758932496082,,,,,,,,,,
72,,0.1941997064339743,,,,,,,,,,
73,,0.26586132238089416,,,,,,,,,,
74,,0.22542389366558122,,,,,,,,,,
75,,0.4416993718328316,,,,,,,,,,
76,,0.2968434402314705,,,,,,,,,,
77,,0.6019012304307255,,,,,,,,,,
78,,1.5859401528269188,,,,,,,,,,
79,,0.5970294950699229,,,,,,,,,,
80,,1.1150380807915958,,,,,,,,,,
81,,0.1016385045227221,,,,,,,,,,
82,,0.13526421158966712,,,,,,,,,,
83,,0.08577605162970299,,,,,,,,,,
84,,0.04141497994785442,,,,,,,,,,
85,,0.028919635463965882,,,,,,,,,,
86,,0.1760244877005395,,,,,,,,,,
87,,0.50716285624374,,,,,,,,,,
88,,0.3398673044541172,,,,,,,,,,
89,,1.4242448624937263,,,,,,,,,,
90,,0.2948203566775779,,,,,,,,,,
91,,0.8613941473096828,,,,,,,,,,
92,,1.2312491435404367,,,,,,,,,,
93,,0.31300385227491995,,,,,,,,,,
94,,0.24538431350928913,,,,,,,,,,
95,,0.3570043062200777,,,,,,,,,,
96,,1.9999868453623166,,,,,,,,,,
97,,1.6521445064827607,,,,,,,,,,
98,,0.7313161663716796,,,,,,,,,,
99,,0.7165463181920521,,,,,,,,,,
100,,0.0,,,,,,,,,,
101,,0.23051851910114166,,,,,,,,,,
102,,0.7449099691765785,,,,,,,,,,
103,,0.47146359972358726,,,,,,,,,,
104,,0.627572868765865,,,,,,,,,,
105,,1.543446498725813,,,,,,,,,,
106,,0.5589459519464655,,,,,,,,,,
107,,1.6719450402953893,,,,,,,,,,
108,,0.7871251670313711,,,,,,,,,,
109,,0.3448242757286796,,,,,,,,,,
110,,0.6173200885489315,,,,,,,,,,
111,,0.12671805617353074,,,,,,,,,,
112,,0.0,,,,,,,,,,
113,,1.744385451453251,,,,,,,,,,
114,,0.0,,,,,,,,,,
115,,1.1182868840407236,,,,,,,,,,
116,,0.24549641647146445,,,,,,,,,,
117,,0.782073457417997,,,,,,,,,,
118,,1.9999844618057565,,,,,,,,,,
119,,1.9999844618057565,,,,,,,,,,
120,,0.15715203529098953,,,,,,,,,,
121,,0.7621958718488827,,,,,,,,,,
122,,0.0,,,,,,,,,,
123,,0.0,,,,,,,,,,
124,,0.9153471286820077,,,,,,,,,,
125,,1.6206158255425482,,,,,,,,,,
126,,0.13640486799315502,,,,,,,,,,
127,,0.6264177464571252,,,,,,,,,,
128,,0.6086045767835451,,,,,,,,,,
129,,0.947202122763073,,,,,,,,,,
130,,0.3247301463793297,,,,,,,,,,
131,,0.9216928311095334,,,,,,,,,,
132,,0.40865114283690795,,,,,,,,,,
133,,1.6675173616014782,,,,,,,,,,
134,,0.0,,,,,,,,,,
135,,0.9541090087309938,,,,,,,,,,
136,,0.9433236655354441,,,,,,,,,,
137,,1.580234976856681,,,,,,,,,,
138,,0.24513030127972493,,,,,,,,,,
139,,1.2395555906997315,,,,,,,,,,
140,,1.7384540814351646,,,,,,,,,,
141,,1.9999988915759808,,,,,,,,,,
142,,1.2954250953441613,,,,,,,,,,
143,,1.2114332073420124,,,,,,,,,,
144,,0.30391781671415913,,,,,,,,,,
145,,1.2296615583800026,,,,,,,,,,
146,,0.29860845877006525,,,,,,,,,,
147,,1.3281183092118722,,,,,,,,,,
148,,0.7270444182489072,,,,,,,,,,
149,,1.6993691109144995,,,,,,,,,,
150,,1.719896407750111,,,,,,,,,,
151,,0.3593596261505127,,,,,,,,,,
152,,1.181067999674505,,,,,,,,,,
153,,0.867637784761798,,,,,,,,,,
154,,0.0,,,,,,,,,,
155,,0.3830316133210335,,,,,,,,,,
156,,0.4413539133829721,,,,,,,,,,
157,,0.07801484113922452,,,,,,,,,,
158,,0.03574225107420415,,,,,,,,,,
159,,0.24858967904100965,,,,,,,,,,
160,,0.711470264527821,,,,,,,,,,
161,,0.3305339706232925,,,,,,,,,,
162,,0.11776327933209044,,,,,,,,,,
163,,0.18918912741976762,,,,,,,,,,
164,,0.41592495855318484,,,,,,,,,,
165,,0.3520238368650949,,,,,,,,,,
166,,0.4498561105945083,,,,,,,,,,
167,,0.5380675232656189,,,,,,,,,,
168,,0.0,,,,,,,,,,
169,,0.3777496576929278,,,,,,,,,,
170,,0.3868292609371783,,,,,,,,,,
171,,0.33596263457590975,,,,,,,,,,
172,,0.36559181316105105,,,,,,,,,,
173,,0.6330372065115735,,,,,,,,,,
174,,0.3912923594018503,,,,,,,,,,
175,,0.4398388099594873,,,,,,,,,,
176,,1.8127811331981372,,,,,,,,,,
177,,1.2563195416455983,,,,,,,,,,
178,,0.5465173069016718,,,,,,,,,,
179,,1.9611162672888995,,,,,,,,,,
180,,0.09540806726315032,,,,,,,,,,
181,,1.1360003594127759,,,,,,,,,,
182,,0.18210350730747193,,,,,,,,,,
183,,1.9068517669398748,,,,,,,,,,
184,,1.4102530336854902,,,,,,,,,,
185,,0.5517751448288406,,,,,,,,,,
186,,1.5154931589070342,,,,,,,,,,
187,,1.4850585329092532,,,,,,,,,,
188,,1.495898225898494,,,,,,,,,,
189,,0.06666881576504119,,,,,,,,,,
190,,1.191822494675138,,,,,,,,,,
191,,0.1969553363312535,,,,,,,,,,
192,,0.902733520878738,,,,,,,,,,
193,,0.6602855013869748,,,,,,,,,,
194,,0.5744800737192035,,,,,,,,,,
195,,0.37291267449399457,,,,,,,,,,
196,,0.9016758771013986,,,,,,,,,,
197,,0.6981946104977703,,,,,,,,,,
198,,1.8703676955745077,,,,,,,,,,
199,,0.3954673819039918,,,,,,,,,,
200,,0.9153762610881412,,,,,,,,,,
201,,1.0051782049179487,,,,,,,,,,
202,,0.307050983453935,,,,,,,,,,
203,,1.1931356645762965,,,,,,,,,,
204,,0.1365369672959995,,,,,,,,,,
205,,0.3628941523109519,,,,,,,,,,
206,,1.6316372402289432,,,,,,,,,,
207,,0.2677213968902141,,,,,,,,,,
208,,1.6043218729449988,,,,,,,,,,
209,,0.5995461270290126,,,,,,,,,,
210,,1.5114137542627737,,,,,,,,,,
211,,0.14939170184175724,,,,,,,,,,
212,,1.491288044485871,,,,,,,,,,
213,,0.9552760412998812,,,,,,,,,,
214,,0.8562030229141693,,,,,,,,,,
215,,0.5779514943928168,,,,,,,,,,
216,,0.04724243427600517,,,,,,,,,,
217,,0.6631191599185964,,,,,,,,,,
218,,1.2081698959454603,,,,,,,,,,
219,,1.8886359061108204,,,,,,,,,,
