,n_start,xs,fval,best_par,nominal_par,par_names,opt_lh,conv_points,comp_time,opt_interval,startpoints,options
0,10.0,0.9217616680104703,548.0888553752151,0.9217616680104703,0.181256315,delta_EL,440.2853763229465,0.0,0.0,0.0,,modelSelection run:7
1,,0.8323026987004752,555.3293018651211,0.8323026987004752,0.009697564740000001,delta_LM,,,,0.0,,
2,,0.062492351139971765,559.94076535368,0.062492351139971765,0.00515080856,delta_NE,,,,0.0,,
3,,0.09890338396923275,562.2006385566543,0.09890338396923275,1.69961868e-05,mu_EE,,,,0.0,,
4,,0.02265029312445339,566.2702959296984,0.02265029312445339,4.34294518e-11,mu_LE,,,,0.0,,
5,,1.9709642783433587e-05,566.9426794007763,1.9709642783433587e-05,3.52437287e-06,mu_LL,,,,0.0,,
6,,0.2087501226793502,566.9546889931124,0.2087501226793502,0.240526112,mu_N,,,,0.0,,
7,,0.9265325282633033,566.9643949644808,0.9265325282633033,4.342923230000001e-06,mu_P,,,,0.0,,
8,,0.5960684555572094,575.1817926086856,0.5960684555572094,6.13435703e-11,mu_PE,,,,0.0,,
9,,0.31391290912487263,648.5322005374074,0.31391290912487263,1.57821086e-05,mu_PL,,,,0.0,,
10,,0.2930525802194526,,0.2930525802194526,0.178233035,rho_E,,,,0.0,,
11,,0.16282036314462042,,0.16282036314462042,0.0516858128,rho_P,,,,0.0,,
12,,1.7847102984786951,,1.7847102984786951,0.0,delta_NM,,,,0.0,,
13,,0.666300646625346,,0.666300646625346,0.0,delta_NL,,,,0.0,,
14,,1.2829104265818183,,1.2829104265818183,0.0,delta_EM,,,,0.0,,
15,,0.03090491972751912,,0.03090491972751912,0.0,delta_ME,,,,0.0,,
16,,0.05829436354772685,,0.05829436354772685,0.0,delta_LE,,,,0.0,,
17,,0.9532743271278514,,0.9532743271278514,0.0,delta_ML,,,,0.0,,
18,,0.4649362348107929,,0.4649362348107929,0.0,mu_E,,,,0.0,,
19,,0.003249054127780603,,0.003249054127780603,0.0,mu_M,,,,0.0,,
20,,3.9554094103868437e-05,,3.9554094103868437e-05,0.0,mu_L,,,,0.0,,
21,,0.8203106221328456,,0.8203106221328456,0.0,mu_EL,,,,0.0,,
22,,0.0,,,,,,,,2.0,,
23,,0.22778119633067725,,,,,,,,2.0,,
24,,1.7911336399655347,,,,,,,,2.0,,
25,,0.0,,,,,,,,2.0,,
26,,0.6274279299913801,,,,,,,,2.0,,
27,,0.2111463428529699,,,,,,,,2.0,,
28,,0.23934949071889006,,,,,,,,2.0,,
29,,0.9522232669465653,,,,,,,,2.0,,
30,,0.2812869358737278,,,,,,,,2.0,,
31,,0.9884489303633807,,,,,,,,2.0,,
32,,0.5144290589588493,,,,,,,,2.0,,
33,,0.031797420068334456,,,,,,,,2.0,,
34,,0.31832283538839107,,,,,,,,2.0,,
35,,2.443864233131003e-09,,,,,,,,2.0,,
36,,0.7094837926029587,,,,,,,,2.0,,
37,,1.0310001741901946,,,,,,,,2.0,,
38,,0.6096860180767538,,,,,,,,2.0,,
39,,0.0,,,,,,,,2.0,,
40,,0.0,,,,,,,,2.0,,
41,,0.0,,,,,,,,2.0,,
42,,0.3344143706042057,,,,,,,,2.0,,
43,,1.2888829484492783,,,,,,,,2.0,,
44,,0.008094048941172322,,,,,,,,,,
45,,1.9882032680890327,,,,,,,,,,
46,,1.471074902385429,,,,,,,,,,
47,,0.006619117693582203,,,,,,,,,,
48,,1.7284771990828012,,,,,,,,,,
49,,0.664790616851892,,,,,,,,,,
50,,0.24358203573462342,,,,,,,,,,
51,,0.8364397890881883,,,,,,,,,,
52,,1.772987894276627,,,,,,,,,,
53,,0.12740204565103477,,,,,,,,,,
54,,0.8864288047081278,,,,,,,,,,
55,,0.3230756038071359,,,,,,,,,,
56,,1.9006447596370075,,,,,,,,,,
57,,0.0,,,,,,,,,,
58,,1.1794642583245378,,,,,,,,,,
59,,0.0,,,,,,,,,,
60,,0.0,,,,,,,,,,
61,,0.0317543329219549,,,,,,,,,,
62,,0.7450992782669665,,,,,,,,,,
63,,0.0,,,,,,,,,,
64,,0.0,,,,,,,,,,
65,,0.42068797656886087,,,,,,,,,,
66,,0.004460289270711166,,,,,,,,,,
67,,1.3940375360795338,,,,,,,,,,
68,,0.12706242701738743,,,,,,,,,,
69,,0.11941675565655065,,,,,,,,,,
70,,0.11016502774515011,,,,,,,,,,
71,,0.015621758932496082,,,,,,,,,,
72,,0.1941997064339743,,,,,,,,,,
73,,0.26586132238089416,,,,,,,,,,
74,,0.22542389366558122,,,,,,,,,,
75,,0.4416993718328316,,,,,,,,,,
76,,0.2968434402314705,,,,,,,,,,
77,,0.6019012304307255,,,,,,,,,,
78,,1.5859401528269188,,,,,,,,,,
79,,0.5970294950699229,,,,,,,,,,
80,,1.1150380807915958,,,,,,,,,,
81,,0.1016385045227221,,,,,,,,,,
82,,0.13526421158966712,,,,,,,,,,
83,,0.08577605162970299,,,,,,,,,,
84,,0.04141497994785442,,,,,,,,,,
85,,0.028919635463965882,,,,,,,,,,
86,,0.1760244877005395,,,,,,,,,,
87,,0.50716285624374,,,,,,,,,,
88,,0.0,,,,,,,,,,
89,,0.43275350298459864,,,,,,,,,,
90,,0.4246839148849425,,,,,,,,,,
91,,0.0,,,,,,,,,,
92,,0.16516464159766522,,,,,,,,,,
93,,0.3408132984660875,,,,,,,,,,
94,,0.6651065629862568,,,,,,,,,,
95,,0.3169609643439385,,,,,,,,,,
96,,0.1023241216587992,,,,,,,,,,
97,,0.15281091761558593,,,,,,,,,,
98,,0.4001323821647033,,,,,,,,,,
99,,0.3385969301231784,,,,,,,,,,
100,,0.45780147417505707,,,,,,,,,,
101,,0.505035016978301,,,,,,,,,,
102,,0.0,,,,,,,,,,
103,,0.48737676704734567,,,,,,,,,,
104,,0.4851415407667359,,,,,,,,,,
105,,0.13040947530075933,,,,,,,,,,
106,,0.0,,,,,,,,,,
107,,0.5203619193966648,,,,,,,,,,
108,,0.41889390471801924,,,,,,,,,,
109,,0.13825175099601275,,,,,,,,,,
110,,0.3301544102911135,,,,,,,,,,
111,,0.0338974766326748,,,,,,,,,,
112,,0.0010781676630151702,,,,,,,,,,
113,,0.0,,,,,,,,,,
114,,0.0,,,,,,,,,,
115,,0.20821983806041863,,,,,,,,,,
116,,0.24530426663160979,,,,,,,,,,
117,,0.3623176093802267,,,,,,,,,,
118,,0.0,,,,,,,,,,
119,,0.0,,,,,,,,,,
120,,0.05761590958664873,,,,,,,,,,
121,,0.3614627691844655,,,,,,,,,,
122,,0.0011942306918933834,,,,,,,,,,
123,,0.0,,,,,,,,,,
124,,0.3449908833674682,,,,,,,,,,
125,,0.0,,,,,,,,,,
126,,0.04149565789856475,,,,,,,,,,
127,,0.3331734988840994,,,,,,,,,,
128,,0.32713586465931044,,,,,,,,,,
129,,0.3334372826198515,,,,,,,,,,
130,,0.17825298011816104,,,,,,,,,,
131,,0.34294275855426076,,,,,,,,,,
132,,0.2913438370159444,,,,,,,,,,
133,,0.9049384518952753,,,,,,,,,,
134,,0.07588159931223327,,,,,,,,,,
135,,0.6922369082780044,,,,,,,,,,
136,,0.8727369334205871,,,,,,,,,,
137,,0.26661224487779084,,,,,,,,,,
138,,0.24485965020425285,,,,,,,,,,
139,,0.3076651471174677,,,,,,,,,,
140,,0.5708224451418956,,,,,,,,,,
141,,0.8895448739699713,,,,,,,,,,
142,,0.6145227373240475,,,,,,,,,,
143,,0.60192415329344,,,,,,,,,,
144,,0.0,,,,,,,,,,
145,,0.0,,,,,,,,,,
146,,0.623168287228423,,,,,,,,,,
147,,0.4061388357142476,,,,,,,,,,
148,,0.5347411667051571,,,,,,,,,,
149,,0.8870698737777625,,,,,,,,,,
150,,0.47860420069760495,,,,,,,,,,
151,,0.8305048327104885,,,,,,,,,,
152,,0.6539313756137868,,,,,,,,,,
153,,0.293770069176213,,,,,,,,,,
154,,0.4086508063125367,,,,,,,,,,
155,,1.667511212390737,,,,,,,,,,
156,,0.0,,,,,,,,,,
157,,0.9541078270439551,,,,,,,,,,
158,,0.9433225116497206,,,,,,,,,,
159,,1.5802290968778518,,,,,,,,,,
160,,0.2451189686137105,,,,,,,,,,
161,,1.239553338388323,,,,,,,,,,
162,,1.7384468999047715,,,,,,,,,,
163,,1.9999890986058704,,,,,,,,,,
164,,1.2954225023942305,,,,,,,,,,
165,,1.2114310583304007,,,,,,,,,,
166,,0.30391699311326964,,,,,,,,,,
167,,1.2296570517828493,,,,,,,,,,
168,,0.2986081975457633,,,,,,,,,,
169,,1.3281155172558732,,,,,,,,,,
170,,0.7270437180013065,,,,,,,,,,
171,,1.6993625471746494,,,,,,,,,,
172,,1.719889516287417,,,,,,,,,,
173,,0.35935932565584877,,,,,,,,,,
174,,1.1810659918822606,,,,,,,,,,
175,,0.8676368154139844,,,,,,,,,,
176,,1.8127811331981372,,,,,,,,,,
177,,1.2563195416455983,,,,,,,,,,
178,,0.5465173069016718,,,,,,,,,,
179,,1.9611162672888995,,,,,,,,,,
180,,0.09540806726315032,,,,,,,,,,
181,,1.1360003594127759,,,,,,,,,,
182,,0.18210350730747193,,,,,,,,,,
183,,1.9068517669398748,,,,,,,,,,
184,,1.4102530336854902,,,,,,,,,,
185,,0.5517751448288406,,,,,,,,,,
186,,1.5154931589070342,,,,,,,,,,
187,,1.4850585329092532,,,,,,,,,,
188,,1.495898225898494,,,,,,,,,,
189,,0.06666881576504119,,,,,,,,,,
190,,1.191822494675138,,,,,,,,,,
191,,0.1969553363312535,,,,,,,,,,
192,,0.902733520878738,,,,,,,,,,
193,,0.6602855013869748,,,,,,,,,,
194,,0.5744800737192035,,,,,,,,,,
195,,0.37291267449399457,,,,,,,,,,
196,,0.9016758771013986,,,,,,,,,,
197,,0.6981946104977703,,,,,,,,,,
198,,1.8703676955745077,,,,,,,,,,
199,,0.3954673819039918,,,,,,,,,,
200,,0.9153762610881412,,,,,,,,,,
201,,1.0051782049179487,,,,,,,,,,
202,,0.307050983453935,,,,,,,,,,
203,,1.1931356645762965,,,,,,,,,,
204,,0.1365369672959995,,,,,,,,,,
205,,0.3628941523109519,,,,,,,,,,
206,,1.6316372402289432,,,,,,,,,,
207,,0.2677213968902141,,,,,,,,,,
208,,1.6043218729449988,,,,,,,,,,
209,,0.5995461270290126,,,,,,,,,,
210,,1.5114137542627737,,,,,,,,,,
211,,0.14939170184175724,,,,,,,,,,
212,,1.491288044485871,,,,,,,,,,
213,,0.9552760412998812,,,,,,,,,,
214,,0.8562030229141693,,,,,,,,,,
215,,0.5779514943928168,,,,,,,,,,
216,,0.04724243427600517,,,,,,,,,,
217,,0.6631191599185964,,,,,,,,,,
218,,1.2081698959454603,,,,,,,,,,
219,,1.8886359061108204,,,,,,,,,,
