,n_start,xs,fval,best_par,nominal_par,par_names,opt_lh,conv_points,comp_time,opt_interval,startpoints,options
0,10.0,8.92967234028252e-14,59485.165571429025,8.92967234028252e-14,0.181256315,delta_EL,633731.4194963156,0.0,0.0,0.0,,modelSelection run:28
1,,0.0,59554.7225382797,0.0,0.009697564740000001,delta_LM,,,,0.0,,
2,,0.007231013196511514,88210.53220210924,0.007231013196511514,0.00515080856,delta_NE,,,,0.0,,
3,,0.0,120298.67837068443,0.0,1.69961868e-05,mu_EE,,,,0.0,,
4,,0.0,156833.47627235964,0.0,4.34294518e-11,mu_LE,,,,0.0,,
5,,0.0,164084.69596570107,0.0,3.52437287e-06,mu_LL,,,,0.0,,
6,,0.054841382099990156,202287.0865608009,0.054841382099990156,0.240526112,mu_N,,,,0.0,,
7,,0.0,247642.41128853167,0.0,4.342923230000001e-06,mu_P,,,,0.0,,
8,,0.0,903367.4166400235,0.0,6.13435703e-11,mu_PE,,,,0.0,,
9,,0.0,2066862.3447165824,0.0,1.57821086e-05,mu_PL,,,,0.0,,
10,,0.0,,0.0,0.178233035,rho_E,,,,0.0,,
11,,2.410818666383211e-15,,2.410818666383211e-15,0.0516858128,rho_P,,,,0.0,,
12,,0.002489957467401012,,0.002489957467401012,0.0,delta_NM,,,,0.0,,
13,,0.008862910742668796,,0.008862910742668796,0.0,delta_NL,,,,0.0,,
14,,0.0,,0.0,0.0,delta_EM,,,,0.0,,
15,,0.0,,0.0,0.0,delta_ME,,,,0.0,,
16,,0.0,,0.0,0.0,delta_LE,,,,0.0,,
17,,0.0,,0.0,0.0,delta_ML,,,,0.0,,
18,,0.0,,0.0,0.0,mu_E,,,,0.0,,
19,,0.0,,0.0,0.0,mu_M,,,,0.0,,
20,,0.0,,0.0,0.0,mu_L,,,,0.0,,
21,,0.0,,0.0,0.0,mu_EL,,,,0.0,,
22,,0.0,,,,,,,,2.0,,
23,,0.0,,,,,,,,2.0,,
24,,0.00762634623098786,,,,,,,,2.0,,
25,,0.0,,,,,,,,2.0,,
26,,0.0,,,,,,,,2.0,,
27,,0.0,,,,,,,,2.0,,
28,,0.05321000663171845,,,,,,,,2.0,,
29,,0.0,,,,,,,,2.0,,
30,,0.0,,,,,,,,2.0,,
31,,0.0,,,,,,,,2.0,,
32,,0.0,,,,,,,,2.0,,
33,,0.0,,,,,,,,2.0,,
34,,0.003257804551820115,,,,,,,,2.0,,
35,,0.009616375675750159,,,,,,,,2.0,,
36,,0.0,,,,,,,,2.0,,
37,,0.0,,,,,,,,2.0,,
38,,0.0,,,,,,,,2.0,,
39,,4.374666129752078e-09,,,,,,,,2.0,,
40,,0.0,,,,,,,,2.0,,
41,,0.0,,,,,,,,2.0,,
42,,0.0,,,,,,,,2.0,,
43,,0.0,,,,,,,,2.0,,
44,,7.477312468924407e-06,,,,,,,,,,
45,,0.0,,,,,,,,,,
46,,0.03829940288015197,,,,,,,,,,
47,,0.0005265620666252597,,,,,,,,,,
48,,0.00014180829076256387,,,,,,,,,,
49,,2.152355873999219e-06,,,,,,,,,,
50,,0.031365141476209606,,,,,,,,,,
51,,0.0,,,,,,,,,,
52,,0.0,,,,,,,,,,
53,,0.0,,,,,,,,,,
54,,0.0,,,,,,,,,,
55,,8.458920989720343e-05,,,,,,,,,,
56,,0.005318614306411597,,,,,,,,,,
57,,0.03575875562709033,,,,,,,,,,
58,,0.0,,,,,,,,,,
59,,1.1899800937265933e-13,,,,,,,,,,
60,,6.634572969886109e-14,,,,,,,,,,
61,,1.2623046537180693e-13,,,,,,,,,,
62,,0.0,,,,,,,,,,
63,,1.00685430782712e-12,,,,,,,,,,
64,,3.0492034492404235e-13,,,,,,,,,,
65,,0.0,,,,,,,,,,
66,,0.0,,,,,,,,,,
67,,2.8929823996598605e-16,,,,,,,,,,
68,,0.030407471046253205,,,,,,,,,,
69,,0.0,,,,,,,,,,
70,,6.532291647162865e-07,,,,,,,,,,
71,,0.00014253413801266907,,,,,,,,,,
72,,0.031128336194629225,,,,,,,,,,
73,,0.0,,,,,,,,,,
74,,0.0,,,,,,,,,,
75,,0.0,,,,,,,,,,
76,,2.1328491737455102e-07,,,,,,,,,,
77,,0.004316305858109877,,,,,,,,,,
78,,0.005894069136425049,,,,,,,,,,
79,,0.07711513290623905,,,,,,,,,,
80,,5.0986043017578865e-09,,,,,,,,,,
81,,0.0,,,,,,,,,,
82,,0.0,,,,,,,,,,
83,,0.0,,,,,,,,,,
84,,0.0,,,,,,,,,,
85,,0.0,,,,,,,,,,
86,,2.350066035989725e-13,,,,,,,,,,
87,,4.623927655167651e-05,,,,,,,,,,
88,,0.0,,,,,,,,,,
89,,0.0,,,,,,,,,,
90,,0.05763350096500823,,,,,,,,,,
91,,0.0003203041828584373,,,,,,,,,,
92,,0.00011830643999355167,,,,,,,,,,
93,,0.0,,,,,,,,,,
94,,0.06775641253373332,,,,,,,,,,
95,,0.0,,,,,,,,,,
96,,0.0,,,,,,,,,,
97,,0.0,,,,,,,,,,
98,,0.0,,,,,,,,,,
99,,0.009359583443590381,,,,,,,,,,
100,,0.0059139174667915415,,,,,,,,,,
101,,0.04967807171568287,,,,,,,,,,
102,,0.00278921926147017,,,,,,,,,,
103,,0.0,,,,,,,,,,
104,,0.0,,,,,,,,,,
105,,0.0,,,,,,,,,,
106,,0.0006893640862791874,,,,,,,,,,
107,,0.0,,,,,,,,,,
108,,0.0,,,,,,,,,,
109,,6.750292265873004e-16,,,,,,,,,,
110,,0.0,,,,,,,,,,
111,,2.8929823996598605e-16,,,,,,,,,,
112,,0.0,,,,,,,,,,
113,,0.0,,,,,,,,,,
114,,0.0,,,,,,,,,,
115,,0.00034328460558550054,,,,,,,,,,
116,,0.00016130812752767555,,,,,,,,,,
117,,0.0,,,,,,,,,,
118,,0.0,,,,,,,,,,
119,,0.0,,,,,,,,,,
120,,0.0,,,,,,,,,,
121,,0.0,,,,,,,,,,
122,,0.0,,,,,,,,,,
123,,0.17532346742713678,,,,,,,,,,
124,,0.0,,,,,,,,,,
125,,0.0,,,,,,,,,,
126,,0.0,,,,,,,,,,
127,,0.0,,,,,,,,,,
128,,0.0,,,,,,,,,,
129,,0.0,,,,,,,,,,
130,,0.0,,,,,,,,,,
131,,0.0,,,,,,,,,,
132,,0.0,,,,,,,,,,
133,,0.0,,,,,,,,,,
134,,0.025210695538950504,,,,,,,,,,
135,,0.0,,,,,,,,,,
136,,0.0,,,,,,,,,,
137,,8.849925110412971e-05,,,,,,,,,,
138,,0.10952233252249056,,,,,,,,,,
139,,0.0,,,,,,,,,,
140,,0.0,,,,,,,,,,
141,,0.0,,,,,,,,,,
142,,0.0,,,,,,,,,,
143,,5.6993907342988444e-05,,,,,,,,,,
144,,0.00978252738055233,,,,,,,,,,
145,,0.09513762787760939,,,,,,,,,,
146,,0.0,,,,,,,,,,
147,,7.439364070099538e-06,,,,,,,,,,
148,,2.5124659044095568e-05,,,,,,,,,,
149,,0.0,,,,,,,,,,
150,,0.0,,,,,,,,,,
151,,0.0,,,,,,,,,,
152,,0.0,,,,,,,,,,
153,,0.0,,,,,,,,,,
154,,0.0026790280443882942,,,,,,,,,,
155,,1.0571692351720012e-05,,,,,,,,,,
156,,0.0010706566230543168,,,,,,,,,,
157,,1.846283703042729e-06,,,,,,,,,,
158,,0.0,,,,,,,,,,
159,,3.4777440730338706e-06,,,,,,,,,,
160,,0.11416971697240949,,,,,,,,,,
161,,0.0,,,,,,,,,,
162,,2.7254272299843207e-06,,,,,,,,,,
163,,6.39249667942946e-07,,,,,,,,,,
164,,0.0760217841719278,,,,,,,,,,
165,,0.057114345997129445,,,,,,,,,,
166,,0.003480207937106142,,,,,,,,,,
167,,0.015134796364350273,,,,,,,,,,
168,,1.057089276627717e-05,,,,,,,,,,
169,,0.00033808168081441077,,,,,,,,,,
170,,0.0,,,,,,,,,,
171,,0.018260391412392208,,,,,,,,,,
172,,1.0571813902527598e-05,,,,,,,,,,
173,,0.010307651247434968,,,,,,,,,,
174,,1.057166590491156e-05,,,,,,,,,,
175,,1.2160164321283458e-05,,,,,,,,,,
176,,0.15309687082319665,,,,,,,,,,
177,,0.0024486006608764126,,,,,,,,,,
178,,0.0,,,,,,,,,,
179,,0.0,,,,,,,,,,
180,,0.0,,,,,,,,,,
181,,7.919585361277989e-06,,,,,,,,,,
182,,0.22188837810915005,,,,,,,,,,
183,,0.000254303393296785,,,,,,,,,,
184,,0.0,,,,,,,,,,
185,,4.4124548817617696e-06,,,,,,,,,,
186,,0.30046448610205184,,,,,,,,,,
187,,0.03530967959032888,,,,,,,,,,
188,,0.0033235384878204325,,,,,,,,,,
189,,0.0060692998432291135,,,,,,,,,,
190,,0.0062266292980508835,,,,,,,,,,
191,,0.12828301346482734,,,,,,,,,,
192,,0.0014295997779050285,,,,,,,,,,
193,,0.07135614880052611,,,,,,,,,,
194,,0.0024852819083920103,,,,,,,,,,
195,,0.0,,,,,,,,,,
196,,0.00010289786137389256,,,,,,,,,,
197,,1.8254917947019986e-05,,,,,,,,,,
198,,0.0,,,,,,,,,,
199,,0.0,,,,,,,,,,
200,,0.0,,,,,,,,,,
201,,0.0,,,,,,,,,,
202,,0.0,,,,,,,,,,
203,,0.0,,,,,,,,,,
204,,0.6489212056682577,,,,,,,,,,
205,,0.0,,,,,,,,,,
206,,0.0,,,,,,,,,,
207,,0.04674745105258675,,,,,,,,,,
208,,0.0,,,,,,,,,,
209,,0.0,,,,,,,,,,
210,,0.04920074858712308,,,,,,,,,,
211,,0.5553504482983982,,,,,,,,,,
212,,0.0,,,,,,,,,,
213,,0.0,,,,,,,,,,
214,,0.0,,,,,,,,,,
215,,0.0,,,,,,,,,,
216,,0.0,,,,,,,,,,
217,,0.0,,,,,,,,,,
218,,0.0,,,,,,,,,,
219,,0.0,,,,,,,,,,
