,n_start,xs,fval,best_par,nominal_par,par_names,opt_lh,conv_points,comp_time,opt_interval,startpoints,options
0,10.0,0.61732073223315,738.1375815383371,0.61732073223315,0.181256315,delta_EL,611.4706219490705,0.0,0.0,0.0,,modelSelection run:0
1,,0.1267182641769494,738.1378480711428,0.1267182641769494,0.009697564740000001,delta_LM,,,,0.0,,
2,,0.0,738.138465659282,0.0,0.00515080856,delta_NE,,,,0.0,,
3,,1.744394076168186,740.0139526689809,1.744394076168186,1.69961868e-05,mu_EE,,,,0.0,,
4,,0.0,740.0139531675925,0.0,4.34294518e-11,mu_LE,,,,0.0,,
5,,1.118288924090662,740.0139538173853,1.118288924090662,3.52437287e-06,mu_LL,,,,0.0,,
6,,0.24549538348336852,740.013954067177,0.24549538348336852,0.240526112,mu_N,,,,0.0,,
7,,0.7820743980645605,740.0139553593644,0.7820743980645605,4.342923230000001e-06,mu_P,,,,0.0,,
8,,1.999999998170584,746.3568620924265,1.999999998170584,6.13435703e-11,mu_PE,,,,0.0,,
9,,1.999999998170584,819.7086990883797,1.999999998170584,1.57821086e-05,mu_PL,,,,0.0,,
10,,0.15715225839350366,,0.15715225839350366,0.178233035,rho_E,,,,0.0,,
11,,0.7621967704125477,,0.7621967704125477,0.0516858128,rho_P,,,,0.0,,
12,,0.0,,0.0,0.0,delta_NM,,,,0.0,,
13,,0.0,,0.0,0.0,delta_NL,,,,0.0,,
14,,0.9153484071810901,,0.9153484071810901,0.0,delta_EM,,,,0.0,,
15,,1.620622311489243,,1.620622311489243,0.0,delta_ME,,,,0.0,,
16,,0.13640508068815888,,0.13640508068815888,0.0,delta_LE,,,,0.0,,
17,,0.6264184037675659,,0.6264184037675659,0.0,delta_ML,,,,0.0,,
18,,0.6086052076789139,,0.6086052076789139,0.0,mu_E,,,,0.0,,
19,,0.9472034985636724,,0.9472034985636724,0.0,mu_M,,,,0.0,,
20,,0.324730474537077,,0.324730474537077,0.0,mu_L,,,,0.0,,
21,,0.9216941284266211,,0.9216941284266211,0.0,mu_EL,,,,0.0,,
22,,0.3398678228758942,,,,,,,,2.0,,
23,,1.4242510491320939,,,,,,,,2.0,,
24,,0.2948359897340608,,,,,,,,2.0,,
25,,0.8613965067204563,,,,,,,,2.0,,
26,,1.2312534986335373,,,,,,,,2.0,,
27,,0.3130043591716703,,,,,,,,2.0,,
28,,0.24537981594422822,,,,,,,,2.0,,
29,,0.3570047626760697,,,,,,,,2.0,,
30,,2.0,,,,,,,,2.0,,
31,,1.652150103083484,,,,,,,,2.0,,
32,,0.7313173630785746,,,,,,,,2.0,,
33,,0.7165476056270863,,,,,,,,2.0,,
34,,0.0,,,,,,,,2.0,,
35,,0.23054655464406534,,,,,,,,2.0,,
36,,0.7449113183941678,,,,,,,,2.0,,
37,,0.47146427739407487,,,,,,,,2.0,,
38,,0.6275738184115498,,,,,,,,2.0,,
39,,1.5434545026738722,,,,,,,,2.0,,
40,,0.5589468319621683,,,,,,,,2.0,,
41,,1.6719558055789403,,,,,,,,2.0,,
42,,0.7871265945695842,,,,,,,,2.0,,
43,,0.34482492003639464,,,,,,,,2.0,,
44,,0.40865128285779134,,,,,,,,,,
45,,1.66752015244533,,,,,,,,,,
46,,0.0,,,,,,,,,,
47,,0.9541095008353789,,,,,,,,,,
48,,0.9433241526953304,,,,,,,,,,
49,,1.5802423796255123,,,,,,,,,,
50,,0.24512761445154135,,,,,,,,,,
51,,1.2395563730554715,,,,,,,,,,
52,,1.7384570136617457,,,,,,,,,,
53,,2.0,,,,,,,,,,
54,,1.295426174341856,,,,,,,,,,
55,,1.211434168991471,,,,,,,,,,
56,,0.3039212935960102,,,,,,,,,,
57,,1.2296762018963237,,,,,,,,,,
58,,0.2986085675941018,,,,,,,,,,
59,,1.328119450152529,,,,,,,,,,
60,,0.7270447081774449,,,,,,,,,,
61,,1.6993717925350496,,,,,,,,,,
62,,1.719899279575838,,,,,,,,,,
63,,0.35935975161354844,,,,,,,,,,
64,,1.1810689198885604,,,,,,,,,,
65,,0.8676381940454402,,,,,,,,,,
66,,0.03476612691943717,,,,,,,,,,
67,,0.9906629901865359,,,,,,,,,,
68,,1.3146715491974992,,,,,,,,,,
69,,0.24432597213372784,,,,,,,,,,
70,,0.18192728453570464,,,,,,,,,,
71,,0.5500297120733224,,,,,,,,,,
72,,1.9094505386075822,,,,,,,,,,
73,,0.7717012078899355,,,,,,,,,,
74,,0.30631736652014574,,,,,,,,,,
75,,0.4296285583726572,,,,,,,,,,
76,,1.1726287692131798,,,,,,,,,,
77,,0.8505104791589874,,,,,,,,,,
78,,1.3588348828197896,,,,,,,,,,
79,,1.67879431358659,,,,,,,,,,
80,,0.13188262806873194,,,,,,,,,,
81,,0.9642488611151705,,,,,,,,,,
82,,1.0101484728442391,,,,,,,,,,
83,,0.790552369193756,,,,,,,,,,
84,,0.9138187775476408,,,,,,,,,,
85,,1.8383848816867585,,,,,,,,,,
86,,1.0340327702458156,,,,,,,,,,
87,,1.3068856760611156,,,,,,,,,,
88,,0.15750723372090586,,,,,,,,,,
89,,1.68453055427777,,,,,,,,,,
90,,1.3109731262789113,,,,,,,,,,
91,,1.2587385796220232,,,,,,,,,,
92,,1.1186700789191968,,,,,,,,,,
93,,0.22344325023429057,,,,,,,,,,
94,,1.5643178676614795,,,,,,,,,,
95,,0.9346935322436144,,,,,,,,,,
96,,0.6444755068587744,,,,,,,,,,
97,,1.3612781732509678,,,,,,,,,,
98,,1.0917039235109274,,,,,,,,,,
99,,1.8217628969143036,,,,,,,,,,
100,,0.2485241398581308,,,,,,,,,,
101,,1.719186916513827,,,,,,,,,,
102,,0.036225384009068495,,,,,,,,,,
103,,1.167512444393887,,,,,,,,,,
104,,0.9618197264968833,,,,,,,,,,
105,,0.8837365063779926,,,,,,,,,,
106,,0.6560368845172099,,,,,,,,,,
107,,0.44073036556203377,,,,,,,,,,
108,,1.7512681360706632,,,,,,,,,,
109,,0.44612304376383716,,,,,,,,,,
110,,1.0609575868591876,,,,,,,,,,
111,,1.5078848046639552,,,,,,,,,,
112,,1.4319584335545925,,,,,,,,,,
113,,1.0050946743033045,,,,,,,,,,
114,,1.1496331977792251,,,,,,,,,,
115,,1.3935197723640167,,,,,,,,,,
116,,1.4812093531952533,,,,,,,,,,
117,,1.5413140076821084,,,,,,,,,,
118,,1.5504773180976874,,,,,,,,,,
119,,1.3622138093815335,,,,,,,,,,
120,,0.9837579498794943,,,,,,,,,,
121,,0.8331189715059645,,,,,,,,,,
122,,0.8067497330553243,,,,,,,,,,
123,,1.5938148209888634,,,,,,,,,,
124,,0.928422251595768,,,,,,,,,,
125,,1.0130000803851054,,,,,,,,,,
126,,1.6168549166729405,,,,,,,,,,
127,,1.40472640716771,,,,,,,,,,
128,,1.7445713628070327,,,,,,,,,,
129,,0.13680704393129886,,,,,,,,,,
130,,0.9808430224644735,,,,,,,,,,
131,,1.183062555832033,,,,,,,,,,
132,,0.08502561967913921,,,,,,,,,,
133,,1.3104721945122333,,,,,,,,,,
134,,0.2394909616601659,,,,,,,,,,
135,,0.9542867519004998,,,,,,,,,,
136,,0.6885080091983343,,,,,,,,,,
137,,1.570459271803671,,,,,,,,,,
138,,1.8129366011955381,,,,,,,,,,
139,,0.5222620795212196,,,,,,,,,,
140,,1.676721965152515,,,,,,,,,,
141,,1.546063052668374,,,,,,,,,,
142,,0.6773901394076808,,,,,,,,,,
143,,0.26507816796566497,,,,,,,,,,
144,,0.6241107182757332,,,,,,,,,,
145,,1.2665420655084518,,,,,,,,,,
146,,1.300106689623509,,,,,,,,,,
147,,1.4274700855173377,,,,,,,,,,
148,,0.07505299704547677,,,,,,,,,,
149,,0.33196909282200754,,,,,,,,,,
150,,0.5783300082225126,,,,,,,,,,
151,,0.9668021977157508,,,,,,,,,,
152,,1.9341006156180698,,,,,,,,,,
153,,1.9727758575280587,,,,,,,,,,
154,,0.3965719985426523,,,,,,,,,,
155,,1.9840061075111162,,,,,,,,,,
156,,1.1269922179557965,,,,,,,,,,
157,,1.6357042365293006,,,,,,,,,,
158,,1.9596437689637547,,,,,,,,,,
159,,1.3016918846499808,,,,,,,,,,
160,,1.1012238155932041,,,,,,,,,,
161,,1.2753676558537586,,,,,,,,,,
162,,0.014651833839602483,,,,,,,,,,
163,,0.5507617048531263,,,,,,,,,,
164,,1.3401426206250144,,,,,,,,,,
165,,1.5775155972158672,,,,,,,,,,
166,,0.9897791874573247,,,,,,,,,,
167,,1.299331955513411,,,,,,,,,,
168,,1.3838304600842146,,,,,,,,,,
169,,0.49662577529672713,,,,,,,,,,
170,,1.010296152104247,,,,,,,,,,
171,,0.5044367369904237,,,,,,,,,,
172,,1.9459914570863575,,,,,,,,,,
173,,1.910794218798758,,,,,,,,,,
174,,0.6802840351699037,,,,,,,,,,
175,,1.2903938428568242,,,,,,,,,,
176,,1.8127811331981372,,,,,,,,,,
177,,1.2563195416455983,,,,,,,,,,
178,,0.5465173069016718,,,,,,,,,,
179,,1.9611162672888995,,,,,,,,,,
180,,0.09540806726315032,,,,,,,,,,
181,,1.1360003594127759,,,,,,,,,,
182,,0.18210350730747193,,,,,,,,,,
183,,1.9068517669398748,,,,,,,,,,
184,,1.4102530336854902,,,,,,,,,,
185,,0.5517751448288406,,,,,,,,,,
186,,1.5154931589070342,,,,,,,,,,
187,,1.4850585329092532,,,,,,,,,,
188,,1.495898225898494,,,,,,,,,,
189,,0.06666881576504119,,,,,,,,,,
190,,1.191822494675138,,,,,,,,,,
191,,0.1969553363312535,,,,,,,,,,
192,,0.902733520878738,,,,,,,,,,
193,,0.6602855013869748,,,,,,,,,,
194,,0.5744800737192035,,,,,,,,,,
195,,0.37291267449399457,,,,,,,,,,
196,,0.9016758771013986,,,,,,,,,,
197,,0.6981946104977703,,,,,,,,,,
198,,1.8703676955745077,,,,,,,,,,
199,,0.3954673819039918,,,,,,,,,,
200,,0.9153762610881412,,,,,,,,,,
201,,1.0051782049179487,,,,,,,,,,
202,,0.307050983453935,,,,,,,,,,
203,,1.1931356645762965,,,,,,,,,,
204,,0.1365369672959995,,,,,,,,,,
205,,0.3628941523109519,,,,,,,,,,
206,,1.6316372402289432,,,,,,,,,,
207,,0.2677213968902141,,,,,,,,,,
208,,1.6043218729449988,,,,,,,,,,
209,,0.5995461270290126,,,,,,,,,,
210,,1.5114137542627737,,,,,,,,,,
211,,0.14939170184175724,,,,,,,,,,
212,,1.491288044485871,,,,,,,,,,
213,,0.9552760412998812,,,,,,,,,,
214,,0.8562030229141693,,,,,,,,,,
215,,0.5779514943928168,,,,,,,,,,
216,,0.04724243427600517,,,,,,,,,,
217,,0.6631191599185964,,,,,,,,,,
218,,1.2081698959454603,,,,,,,,,,
219,,1.8886359061108204,,,,,,,,,,
