,n_start,xs,fval,best_par,nominal_par,par_names,opt_lh,conv_points,comp_time,opt_interval,startpoints,options
0,10.0,0.06635066937650515,196.8274238280333,0.06635066937650515,0.181256315,delta_EL,175.47504354126957,0.0,0.0,0.0,,modelSelection run:19
1,,0.006214141631323203,246.50269368127033,0.006214141631323203,0.009697564740000001,delta_LM,,,,0.0,,
2,,0.00044024721172536576,257.45916684874965,0.00044024721172536576,0.00515080856,delta_NE,,,,0.0,,
3,,9.659904359547466e-06,259.7052265706789,9.659904359547466e-06,1.69961868e-05,mu_EE,,,,0.0,,
4,,0.0,261.14799060874765,0.0,4.34294518e-11,mu_LE,,,,0.0,,
5,,2.421066080324939e-06,261.7673841460104,2.421066080324939e-06,3.52437287e-06,mu_LL,,,,0.0,,
6,,0.22286859923659574,261.8225533708564,0.22286859923659574,0.240526112,mu_N,,,,0.0,,
7,,2.5118421302174532e-05,294.0025712132022,2.5118421302174532e-05,4.342923230000001e-06,mu_P,,,,0.0,,
8,,2.211118771248124e-06,304.16609004018216,2.211118771248124e-06,6.13435703e-11,mu_PE,,,,0.0,,
9,,2.6067493471448376e-05,354.81979372391845,2.6067493471448376e-05,1.57821086e-05,mu_PL,,,,0.0,,
10,,0.19186725302749263,,0.19186725302749263,0.178233035,rho_E,,,,0.0,,
11,,0.05611601913407774,,0.05611601913407774,0.0516858128,rho_P,,,,0.0,,
12,,1.3663357094410763e-05,,1.3663357094410763e-05,0.0,delta_NM,,,,0.0,,
13,,0.01600811167155396,,0.01600811167155396,0.0,delta_NL,,,,0.0,,
14,,0.0010597459585348554,,0.0010597459585348554,0.0,delta_EM,,,,0.0,,
15,,0.013508510478182292,,0.013508510478182292,0.0,delta_ME,,,,0.0,,
16,,0.006627996355641841,,0.006627996355641841,0.0,delta_LE,,,,0.0,,
17,,0.10970510984240137,,0.10970510984240137,0.0,delta_ML,,,,0.0,,
18,,2.5026163292228687e-05,,2.5026163292228687e-05,0.0,mu_E,,,,0.0,,
19,,0.015571452507240478,,0.015571452507240478,0.0,mu_M,,,,0.0,,
20,,0.0017486437339249608,,0.0017486437339249608,0.0,mu_L,,,,0.0,,
21,,4.797184936666995e-07,,4.797184936666995e-07,0.0,mu_EL,,,,0.0,,
22,,0.15309687082319665,,,,,,,,2.0,,
23,,0.0024486006608764126,,,,,,,,2.0,,
24,,0.0,,,,,,,,2.0,,
25,,0.0,,,,,,,,2.0,,
26,,0.0,,,,,,,,2.0,,
27,,7.919585361277989e-06,,,,,,,,2.0,,
28,,0.22188837810915005,,,,,,,,2.0,,
29,,0.000254303393296785,,,,,,,,2.0,,
30,,0.0,,,,,,,,2.0,,
31,,4.4124548817617696e-06,,,,,,,,2.0,,
32,,0.30046448610205184,,,,,,,,2.0,,
33,,0.03530967959032888,,,,,,,,2.0,,
34,,0.0033235384878204325,,,,,,,,2.0,,
35,,0.0060692998432291135,,,,,,,,2.0,,
36,,0.0062266292980508835,,,,,,,,2.0,,
37,,0.12828301346482734,,,,,,,,2.0,,
38,,0.0014295997779050285,,,,,,,,2.0,,
39,,0.07135614880052611,,,,,,,,2.0,,
40,,0.0024852819083920103,,,,,,,,2.0,,
41,,0.0,,,,,,,,2.0,,
42,,0.00010289786137389256,,,,,,,,2.0,,
43,,1.8254917947019986e-05,,,,,,,,2.0,,
44,,0.0,,,,,,,,,,
45,,8.548473691913601e-11,,,,,,,,,,
46,,0.01115310320226741,,,,,,,,,,
47,,0.0,,,,,,,,,,
48,,0.0,,,,,,,,,,
49,,6.443514204016562e-05,,,,,,,,,,
50,,0.12211987357794643,,,,,,,,,,
51,,0.0,,,,,,,,,,
52,,0.0,,,,,,,,,,
53,,0.0,,,,,,,,,,
54,,0.003643763362121448,,,,,,,,,,
55,,0.00047354101106492145,,,,,,,,,,
56,,0.010576927725536242,,,,,,,,,,
57,,0.10959726951096889,,,,,,,,,,
58,,0.0,,,,,,,,,,
59,,0.00011881167067182341,,,,,,,,,,
60,,0.028155721238329982,,,,,,,,,,
61,,0.0,,,,,,,,,,
62,,0.0,,,,,,,,,,
63,,0.0,,,,,,,,,,
64,,0.0,,,,,,,,,,
65,,0.0,,,,,,,,,,
66,,0.0,,,,,,,,,,
67,,0.005061233040157132,,,,,,,,,,
68,,0.008853473071770195,,,,,,,,,,
69,,0.0,,,,,,,,,,
70,,0.0,,,,,,,,,,
71,,9.418706676538705e-05,,,,,,,,,,
72,,7.26526873606306e-06,,,,,,,,,,
73,,0.0009140580364915426,,,,,,,,,,
74,,2.2630188809659632e-06,,,,,,,,,,
75,,4.4559667808442136e-06,,,,,,,,,,
76,,0.00013909111833462412,,,,,,,,,,
77,,0.00021393626662995186,,,,,,,,,,
78,,0.0065481260081662555,,,,,,,,,,
79,,0.2505933303153675,,,,,,,,,,
80,,0.0,,,,,,,,,,
81,,0.0018502616795703455,,,,,,,,,,
82,,0.02266981784881016,,,,,,,,,,
83,,0.0003047742043026735,,,,,,,,,,
84,,0.0,,,,,,,,,,
85,,0.0,,,,,,,,,,
86,,1.7353641617970337e-05,,,,,,,,,,
87,,0.0,,,,,,,,,,
88,,0.06473780333116373,,,,,,,,,,
89,,2.834338937052967e-09,,,,,,,,,,
90,,0.006673009227698163,,,,,,,,,,
91,,0.0,,,,,,,,,,
92,,0.0,,,,,,,,,,
93,,0.0,,,,,,,,,,
94,,0.17134136792326643,,,,,,,,,,
95,,0.0,,,,,,,,,,
96,,7.811328898704194e-06,,,,,,,,,,
97,,0.0,,,,,,,,,,
98,,0.1326244344728454,,,,,,,,,,
99,,0.01175607283937592,,,,,,,,,,
100,,0.04715753055138465,,,,,,,,,,
101,,0.0032195317918790496,,,,,,,,,,
102,,0.0026422807957290993,,,,,,,,,,
103,,2.688699269061985e-11,,,,,,,,,,
104,,0.060227073946913685,,,,,,,,,,
105,,0.10418548999910425,,,,,,,,,,
106,,0.0,,,,,,,,,,
107,,0.003328686898883898,,,,,,,,,,
108,,0.0,,,,,,,,,,
109,,1.8669450444076208e-05,,,,,,,,,,
110,,0.007238624898436457,,,,,,,,,,
111,,0.0,,,,,,,,,,
112,,0.020147411985669574,,,,,,,,,,
113,,0.0,,,,,,,,,,
114,,0.0,,,,,,,,,,
115,,0.0,,,,,,,,,,
116,,0.2008726629555676,,,,,,,,,,
117,,0.0013894232174547394,,,,,,,,,,
118,,0.0,,,,,,,,,,
119,,0.0,,,,,,,,,,
120,,0.011051651723962731,,,,,,,,,,
121,,0.015122922543234291,,,,,,,,,,
122,,0.05928197248663984,,,,,,,,,,
123,,0.002555044368508279,,,,,,,,,,
124,,0.012573404028686862,,,,,,,,,,
125,,0.02039287819452268,,,,,,,,,,
126,,0.0222824034829103,,,,,,,,,,
127,,0.09600447283733471,,,,,,,,,,
128,,0.0,,,,,,,,,,
129,,0.00015429514533291837,,,,,,,,,,
130,,0.0,,,,,,,,,,
131,,0.0,,,,,,,,,,
132,,0.0007903971153069962,,,,,,,,,,
133,,0.0,,,,,,,,,,
134,,0.053858612731948585,,,,,,,,,,
135,,0.00018871357664421824,,,,,,,,,,
136,,0.0,,,,,,,,,,
137,,0.0,,,,,,,,,,
138,,0.15570654080595078,,,,,,,,,,
139,,0.0,,,,,,,,,,
140,,0.0,,,,,,,,,,
141,,0.0,,,,,,,,,,
142,,0.014264705347279581,,,,,,,,,,
143,,0.013884681944422871,,,,,,,,,,
144,,0.03915901633442902,,,,,,,,,,
145,,0.006858890779273845,,,,,,,,,,
146,,0.0,,,,,,,,,,
147,,0.004109307816320304,,,,,,,,,,
148,,0.0,,,,,,,,,,
149,,0.08324481506844564,,,,,,,,,,
150,,0.0,,,,,,,,,,
151,,0.0,,,,,,,,,,
152,,0.0,,,,,,,,,,
153,,0.0,,,,,,,,,,
154,,0.00022479463534057074,,,,,,,,,,
155,,0.027759593081491334,,,,,,,,,,
156,,0.015254007349989336,,,,,,,,,,
157,,4.961549474741133e-05,,,,,,,,,,
158,,0.11630713925531491,,,,,,,,,,
159,,0.021623181508087036,,,,,,,,,,
160,,0.14390071743236668,,,,,,,,,,
161,,0.0,,,,,,,,,,
162,,2.6507125801773913e-06,,,,,,,,,,
163,,0.0,,,,,,,,,,
164,,0.10656730924863288,,,,,,,,,,
165,,0.012772987519996934,,,,,,,,,,
166,,0.06304306963963872,,,,,,,,,,
167,,0.022610678588676915,,,,,,,,,,
168,,0.01267659514298186,,,,,,,,,,
169,,0.06522715297667413,,,,,,,,,,
170,,0.11516879861234845,,,,,,,,,,
171,,0.062477292104774616,,,,,,,,,,
172,,0.0002500218194697286,,,,,,,,,,
173,,0.027290461916965613,,,,,,,,,,
174,,0.06515300844308343,,,,,,,,,,
175,,0.05290336094136367,,,,,,,,,,
176,,0.0,,,,,,,,,,
177,,0.07486750400252364,,,,,,,,,,
178,,0.05144095154130696,,,,,,,,,,
179,,0.0,,,,,,,,,,
180,,0.041616507388194314,,,,,,,,,,
181,,0.04320362248402669,,,,,,,,,,
182,,0.11539699470156281,,,,,,,,,,
183,,0.0515415825979129,,,,,,,,,,
184,,0.0,,,,,,,,,,
185,,0.004787390598407165,,,,,,,,,,
186,,0.06955377175043624,,,,,,,,,,
187,,0.05862828461292375,,,,,,,,,,
188,,0.06014775967705002,,,,,,,,,,
189,,0.08067136022280488,,,,,,,,,,
190,,0.006259399616386755,,,,,,,,,,
191,,0.06838279097324654,,,,,,,,,,
192,,0.08409165332565595,,,,,,,,,,
193,,0.013816132737375735,,,,,,,,,,
194,,0.0,,,,,,,,,,
195,,0.08242528840391565,,,,,,,,,,
196,,0.07235625172214463,,,,,,,,,,
197,,0.011873453074461315,,,,,,,,,,
198,,0.0,,,,,,,,,,
199,,0.0,,,,,,,,,,
200,,0.0,,,,,,,,,,
201,,0.0,,,,,,,,,,
202,,0.0,,,,,,,,,,
203,,0.0,,,,,,,,,,
204,,0.6489212056682577,,,,,,,,,,
205,,0.0,,,,,,,,,,
206,,0.0,,,,,,,,,,
207,,0.04674745105258675,,,,,,,,,,
208,,0.0,,,,,,,,,,
209,,0.0,,,,,,,,,,
210,,0.04920074858712308,,,,,,,,,,
211,,0.5553504482983982,,,,,,,,,,
212,,0.0,,,,,,,,,,
213,,0.0,,,,,,,,,,
214,,0.0,,,,,,,,,,
215,,0.0,,,,,,,,,,
216,,0.0,,,,,,,,,,
217,,0.0,,,,,,,,,,
218,,0.0,,,,,,,,,,
219,,0.0,,,,,,,,,,
