,n_start,xs,fval,best_par,nominal_par,par_names,opt_lh,conv_points,comp_time,opt_interval,startpoints,options
0,10.0,0.0,608.7593519805068,0.0,0.181256315,delta_EL,489.1954185379021,0.0,0.0,0.0,,modelSelection run:5
1,,0.22652778459796763,608.8433088162383,0.22652778459796763,0.009697564740000001,delta_LM,,,,0.0,,
2,,1.4854950822438178,615.8632774625619,1.4854950822438178,0.00515080856,delta_NE,,,,0.0,,
3,,0.0,615.8634247295612,0.0,1.69961868e-05,mu_EE,,,,0.0,,
4,,0.2434405677842026,615.8644679309472,0.2434405677842026,4.34294518e-11,mu_LE,,,,0.0,,
5,,0.2097721115048697,617.7396109852345,0.2097721115048697,3.52437287e-06,mu_LL,,,,0.0,,
6,,0.24646182041670517,617.739740462511,0.24646182041670517,0.240526112,mu_N,,,,0.0,,
7,,0.9559480133737049,617.7399088351351,0.9559480133737049,4.342923230000001e-06,mu_P,,,,0.0,,
8,,0.5890609280995646,624.0827565973641,0.5890609280995646,6.13435703e-11,mu_PE,,,,0.0,,
9,,0.9934825957084137,697.434439409554,0.9934825957084137,1.57821086e-05,mu_PL,,,,0.0,,
10,,0.5132620108466901,,0.5132620108466901,0.178233035,rho_E,,,,0.0,,
11,,0.03153769402260559,,0.03153769402260559,0.0516858128,rho_P,,,,0.0,,
12,,0.2799745225784446,,0.2799745225784446,0.0,delta_NM,,,,0.0,,
13,,0.06595614262010105,,0.06595614262010105,0.0,delta_NL,,,,0.0,,
14,,0.995449482008575,,0.995449482008575,0.0,delta_EM,,,,0.0,,
15,,0.11971989027351337,,0.11971989027351337,0.0,delta_ME,,,,0.0,,
16,,0.6066847603717538,,0.6066847603717538,0.0,delta_LE,,,,0.0,,
17,,0.0,,0.0,0.0,delta_ML,,,,0.0,,
18,,0.0,,0.0,0.0,mu_E,,,,0.0,,
19,,0.0,,0.0,0.0,mu_M,,,,0.0,,
20,,0.3328572000018206,,0.3328572000018206,0.0,mu_L,,,,0.0,,
21,,1.4475857888760322,,1.4475857888760322,0.0,mu_EL,,,,0.0,,
22,,0.008094505033007455,,,,,,,,2.0,,
23,,1.9882143647803117,,,,,,,,2.0,,
24,,1.4710797618047122,,,,,,,,2.0,,
25,,0.006636403669209213,,,,,,,,2.0,,
26,,1.7284829469974325,,,,,,,,2.0,,
27,,0.6648290169929026,,,,,,,,2.0,,
28,,0.24357815304581634,,,,,,,,2.0,,
29,,0.8364405041496749,,,,,,,,2.0,,
30,,1.7729925467023475,,,,,,,,2.0,,
31,,0.12740218618354798,,,,,,,,2.0,,
32,,0.8864295988085725,,,,,,,,2.0,,
33,,0.32307582516095634,,,,,,,,2.0,,
34,,1.900652931303345,,,,,,,,2.0,,
35,,0.0,,,,,,,,2.0,,
36,,1.179463118246485,,,,,,,,2.0,,
37,,0.0,,,,,,,,2.0,,
38,,0.0,,,,,,,,2.0,,
39,,0.03174756331459372,,,,,,,,2.0,,
40,,0.7451019697638931,,,,,,,,2.0,,
41,,0.0,,,,,,,,2.0,,
42,,0.0,,,,,,,,2.0,,
43,,0.42068826843949786,,,,,,,,2.0,,
44,,0.6173201523134184,,,,,,,,,,
45,,0.12671807677872884,,,,,,,,,,
46,,0.0,,,,,,,,,,
47,,1.7443863058213485,,,,,,,,,,
48,,0.0,,,,,,,,,,
49,,1.1182870861311796,,,,,,,,,,
50,,0.24549197888409854,,,,,,,,,,
51,,0.7820735506000486,,,,,,,,,,
52,,1.9999860008273673,,,,,,,,,,
53,,1.9999860008273673,,,,,,,,,,
54,,0.157152057391931,,,,,,,,,,
55,,0.7621959608621368,,,,,,,,,,
56,,0.0,,,,,,,,,,
57,,0.0,,,,,,,,,,
58,,0.9153472553322348,,,,,,,,,,
59,,1.6206164680455861,,,,,,,,,,
60,,0.13640488906310994,,,,,,,,,,
61,,0.6264178115714482,,,,,,,,,,
62,,0.6086046392811475,,,,,,,,,,
63,,0.9472022590521268,,,,,,,,,,
64,,0.32473017888722827,,,,,,,,,,
65,,0.9216929596238991,,,,,,,,,,
66,,0.3398673344157726,,,,,,,,,,
67,,1.4242452250345101,,,,,,,,,,
68,,0.29482056768801534,,,,,,,,,,
69,,0.8613942545961487,,,,,,,,,,
70,,1.2312493807160243,,,,,,,,,,
71,,0.31300388067682594,,,,,,,,,,
72,,0.24538008737922054,,,,,,,,,,
73,,0.3570043363827033,,,,,,,,,,
74,,1.999988014175837,,,,,,,,,,
75,,1.6521450602473626,,,,,,,,,,
76,,0.7313162391925319,,,,,,,,,,
77,,0.7165463901641965,,,,,,,,,,
78,,0.0,,,,,,,,,,
79,,0.2305188776345965,,,,,,,,,,
80,,0.7449100457015119,,,,,,,,,,
81,,0.4714636399955327,,,,,,,,,,
82,,0.6275729262007851,,,,,,,,,,
83,,1.5434469741118233,,,,,,,,,,
84,,0.5589460018255767,,,,,,,,,,
85,,1.671945679426674,,,,,,,,,,
86,,0.7871252506475136,,,,,,,,,,
87,,0.34482430748925413,,,,,,,,,,
88,,0.40865126685252773,,,,,,,,,,
89,,1.667519658737079,,,,,,,,,,
90,,0.0,,,,,,,,,,
91,,0.9541094442626209,,,,,,,,,,
92,,0.9433240917063539,,,,,,,,,,
93,,1.5802378057256936,,,,,,,,,,
94,,0.2451262936091351,,,,,,,,,,
95,,1.239556400046427,,,,,,,,,,
96,,1.7384567205174164,,,,,,,,,,
97,,2.0,,,,,,,,,,
98,,1.2954260509136113,,,,,,,,,,
99,,1.2114340083089852,,,,,,,,,,
100,,0.3039185388514854,,,,,,,,,,
101,,1.2296649245668,,,,,,,,,,
102,,0.2986085550540679,,,,,,,,,,
103,,1.3281193353330163,,,,,,,,,,
104,,0.7270446761125151,,,,,,,,,,
105,,1.6993715231876665,,,,,,,,,,
106,,1.7198989479885505,,,,,,,,,,
107,,0.35935973694638174,,,,,,,,,,
108,,1.181068750913061,,,,,,,,,,
109,,0.8676381427807998,,,,,,,,,,
110,,0.034756524200983074,,,,,,,,,,
111,,0.9905762396621379,,,,,,,,,,
112,,1.3144886309444774,,,,,,,,,,
113,,0.24431041417634258,,,,,,,,,,
114,,0.18191380874052734,,,,,,,,,,
115,,0.5499982597730293,,,,,,,,,,
116,,1.9087312482284844,,,,,,,,,,
117,,0.771648809400837,,,,,,,,,,
118,,0.3062994215233288,,,,,,,,,,
119,,0.4296047212884715,,,,,,,,,,
120,,1.172496874678905,,,,,,,,,,
121,,0.8504476551748452,,,,,,,,,,
122,,1.3586323872298325,,,,,,,,,,
123,,1.6783713326121372,,,,,,,,,,
124,,0.13187061897854344,,,,,,,,,,
125,,0.9641672293407175,,,,,,,,,,
126,,1.0100577416528607,,,,,,,,,,
127,,0.7904976462622211,,,,,,,,,,
128,,0.9137460947972611,,,,,,,,,,
129,,1.8377741291699605,,,,,,,,,,
130,,1.033936909754385,,,,,,,,,,
131,,1.3067060075494858,,,,,,,,,,
132,,0.15749447159062607,,,,,,,,,,
133,,1.68410195645275,,,,,,,,,,
134,,1.3107917583908826,,,,,,,,,,
135,,1.2585777566143383,,,,,,,,,,
136,,1.1185535918173082,,,,,,,,,,
137,,0.22342842215812445,,,,,,,,,,
138,,1.5639928787971278,,,,,,,,,,
139,,0.9346172707608207,,,,,,,,,,
140,,0.6444364140529633,,,,,,,,,,
141,,1.3610745346913253,,,,,,,,,,
142,,1.0915944503983566,,,,,,,,,,
143,,1.8211750707589938,,,,,,,,,,
144,,0.2485084311872212,,,,,,,,,,
145,,1.7187227192926473,,,,,,,,,,
146,,0.03621574681496954,,,,,,,,,,
147,,1.1673820885739465,,,,,,,,,,
148,,0.9617385506168267,,,,,,,,,,
149,,0.8836686831804151,,,,,,,,,,
150,,0.6559965941383601,,,,,,,,,,
151,,0.44070590824955436,,,,,,,,,,
152,,1.750768353853231,,,,,,,,,,
153,,0.44609828424558234,,,,,,,,,,
154,,1.060855595598094,,,,,,,,,,
155,,1.507599410474722,,,,,,,,,,
156,,1.431718809727913,,,,,,,,,,
157,,1.0050049927600853,,,,,,,,,,
158,,1.1495081048108957,,,,,,,,,,
159,,1.393300443230093,,,,,,,,,,
160,,1.4809409585474222,,,,,,,,,,
161,,1.5410057820722962,,,,,,,,,,
162,,1.5501625212197252,,,,,,,,,,
163,,1.3620097323598745,,,,,,,,,,
164,,0.9836725676669767,,,,,,,,,,
165,,0.833058613543187,,,,,,,,,,
166,,0.8066929307178409,,,,,,,,,,
167,,1.5934669967804007,,,,,,,,,,
168,,0.9283470833846025,,,,,,,,,,
169,,1.0129087515171828,,,,,,,,,,
170,,1.6164881454559574,,,,,,,,,,
171,,1.4045013454908777,,,,,,,,,,
172,,1.744079231614272,,,,,,,,,,
173,,0.13679489789744148,,,,,,,,,,
174,,0.9807582113798314,,,,,,,,,,
175,,1.1829274544481694,,,,,,,,,,
176,,1.8127811331981372,,,,,,,,,,
177,,1.2563195416455983,,,,,,,,,,
178,,0.5465173069016718,,,,,,,,,,
179,,1.9611162672888995,,,,,,,,,,
180,,0.09540806726315032,,,,,,,,,,
181,,1.1360003594127759,,,,,,,,,,
182,,0.18210350730747193,,,,,,,,,,
183,,1.9068517669398748,,,,,,,,,,
184,,1.4102530336854902,,,,,,,,,,
185,,0.5517751448288406,,,,,,,,,,
186,,1.5154931589070342,,,,,,,,,,
187,,1.4850585329092532,,,,,,,,,,
188,,1.495898225898494,,,,,,,,,,
189,,0.06666881576504119,,,,,,,,,,
190,,1.191822494675138,,,,,,,,,,
191,,0.1969553363312535,,,,,,,,,,
192,,0.902733520878738,,,,,,,,,,
193,,0.6602855013869748,,,,,,,,,,
194,,0.5744800737192035,,,,,,,,,,
195,,0.37291267449399457,,,,,,,,,,
196,,0.9016758771013986,,,,,,,,,,
197,,0.6981946104977703,,,,,,,,,,
198,,1.8703676955745077,,,,,,,,,,
199,,0.3954673819039918,,,,,,,,,,
200,,0.9153762610881412,,,,,,,,,,
201,,1.0051782049179487,,,,,,,,,,
202,,0.307050983453935,,,,,,,,,,
203,,1.1931356645762965,,,,,,,,,,
204,,0.1365369672959995,,,,,,,,,,
205,,0.3628941523109519,,,,,,,,,,
206,,1.6316372402289432,,,,,,,,,,
207,,0.2677213968902141,,,,,,,,,,
208,,1.6043218729449988,,,,,,,,,,
209,,0.5995461270290126,,,,,,,,,,
210,,1.5114137542627737,,,,,,,,,,
211,,0.14939170184175724,,,,,,,,,,
212,,1.491288044485871,,,,,,,,,,
213,,0.9552760412998812,,,,,,,,,,
214,,0.8562030229141693,,,,,,,,,,
215,,0.5779514943928168,,,,,,,,,,
216,,0.04724243427600517,,,,,,,,,,
217,,0.6631191599185964,,,,,,,,,,
218,,1.2081698959454603,,,,,,,,,,
219,,1.8886359061108204,,,,,,,,,,
