,n_start,xs,fval,best_par,nominal_par,par_names,opt_lh,conv_points,comp_time,opt_interval,startpoints,options
0,10.0,0.005118164390265681,342.79581827151685,0.005118164390265681,0.181256315,delta_EL,244.98080658051975,0.0,0.0,0.0,,modelSelection run:15
1,,0.0010735916271964899,348.00616380732527,0.0010735916271964899,0.009697564740000001,delta_LM,,,,0.0,,
2,,0.0,348.10256517308096,0.0,0.00515080856,delta_NE,,,,0.0,,
3,,0.0,349.02597183850787,0.0,1.69961868e-05,mu_EE,,,,0.0,,
4,,0.0,352.01323244083744,0.0,4.34294518e-11,mu_LE,,,,0.0,,
5,,0.0,353.24679133056424,0.0,3.52437287e-06,mu_LL,,,,0.0,,
6,,0.22716883317869016,360.3074069132088,0.22716883317869016,0.240526112,mu_N,,,,0.0,,
7,,7.704030156527123e-07,367.96542754982323,7.704030156527123e-07,4.342923230000001e-06,mu_P,,,,0.0,,
8,,0.0561426159538142,371.83097882858783,0.0561426159538142,6.13435703e-11,mu_PE,,,,0.0,,
9,,1.1571775180719494e-05,373.3590159224087,1.1571775180719494e-05,1.57821086e-05,mu_PL,,,,0.0,,
10,,0.0,,0.0,0.178233035,rho_E,,,,0.0,,
11,,0.00886512540030067,,0.00886512540030067,0.0516858128,rho_P,,,,0.0,,
12,,0.11288862087683295,,0.11288862087683295,0.0,delta_NM,,,,0.0,,
13,,0.25298212511636636,,0.25298212511636636,0.0,delta_NL,,,,0.0,,
14,,4.8353363479120455e-05,,4.8353363479120455e-05,0.0,delta_EM,,,,0.0,,
15,,0.029516877962540374,,0.029516877962540374,0.0,delta_ME,,,,0.0,,
16,,0.041399555953493566,,0.041399555953493566,0.0,delta_LE,,,,0.0,,
17,,0.014496309213187467,,0.014496309213187467,0.0,delta_ML,,,,0.0,,
18,,0.0,,0.0,0.0,mu_E,,,,0.0,,
19,,0.0,,0.0,0.0,mu_M,,,,0.0,,
20,,0.0,,0.0,0.0,mu_L,,,,0.0,,
21,,0.0,,0.0,0.0,mu_EL,,,,0.0,,
22,,0.018520656754427062,,,,,,,,2.0,,
23,,0.0,,,,,,,,2.0,,
24,,0.0003025659627966371,,,,,,,,2.0,,
25,,0.0011814111506989716,,,,,,,,2.0,,
26,,0.0036886709791694046,,,,,,,,2.0,,
27,,0.0,,,,,,,,2.0,,
28,,0.220899303037972,,,,,,,,2.0,,
29,,0.020988438952437023,,,,,,,,2.0,,
30,,0.012081757795169441,,,,,,,,2.0,,
31,,0.0003158708715816069,,,,,,,,2.0,,
32,,0.0024074815911455955,,,,,,,,2.0,,
33,,0.0017868065526332683,,,,,,,,2.0,,
34,,0.06959806734972947,,,,,,,,2.0,,
35,,0.005283079345187225,,,,,,,,2.0,,
36,,0.02454623296090289,,,,,,,,2.0,,
37,,0.0,,,,,,,,2.0,,
38,,0.0,,,,,,,,2.0,,
39,,0.08413683562732568,,,,,,,,2.0,,
40,,0.005788647327501338,,,,,,,,2.0,,
41,,0.0,,,,,,,,2.0,,
42,,0.0,,,,,,,,2.0,,
43,,0.008028032433986204,,,,,,,,2.0,,
44,,6.208763279911466e-08,,,,,,,,,,
45,,0.01737554279793334,,,,,,,,,,
46,,0.10234881569191714,,,,,,,,,,
47,,5.610559834248334e-06,,,,,,,,,,
48,,0.0004841401227381637,,,,,,,,,,
49,,0.0,,,,,,,,,,
50,,0.1803556849668555,,,,,,,,,,
51,,0.02272281416896362,,,,,,,,,,
52,,0.00040380119112213756,,,,,,,,,,
53,,0.0,,,,,,,,,,
54,,0.01314042566969676,,,,,,,,,,
55,,0.0026418211421040984,,,,,,,,,,
56,,0.09097166416943409,,,,,,,,,,
57,,0.0,,,,,,,,,,
58,,0.019002145895630623,,,,,,,,,,
59,,0.0,,,,,,,,,,
60,,0.0,,,,,,,,,,
61,,0.11812359456006838,,,,,,,,,,
62,,0.007539512727878319,,,,,,,,,,
63,,0.0,,,,,,,,,,
64,,0.0,,,,,,,,,,
65,,0.008560525023331378,,,,,,,,,,
66,,0.0,,,,,,,,,,
67,,0.0,,,,,,,,,,
68,,0.04180336304695015,,,,,,,,,,
69,,0.0,,,,,,,,,,
70,,0.0036029001001199393,,,,,,,,,,
71,,0.0,,,,,,,,,,
72,,0.23479576350727746,,,,,,,,,,
73,,0.0,,,,,,,,,,
74,,0.05804037402857294,,,,,,,,,,
75,,0.02825462764862359,,,,,,,,,,
76,,0.010309636194085522,,,,,,,,,,
77,,0.0,,,,,,,,,,
78,,0.4953883152689393,,,,,,,,,,
79,,0.2540514384033679,,,,,,,,,,
80,,0.011730306331022114,,,,,,,,,,
81,,0.0,,,,,,,,,,
82,,0.0,,,,,,,,,,
83,,0.06343029061594722,,,,,,,,,,
84,,0.0,,,,,,,,,,
85,,0.0,,,,,,,,,,
86,,0.0,,,,,,,,,,
87,,0.49655536946441325,,,,,,,,,,
88,,0.025049718865731697,,,,,,,,,,
89,,0.02839115291155542,,,,,,,,,,
90,,0.0,,,,,,,,,,
91,,0.0,,,,,,,,,,
92,,0.0,,,,,,,,,,
93,,0.0,,,,,,,,,,
94,,0.9437234951712687,,,,,,,,,,
95,,0.0,,,,,,,,,,
96,,0.0,,,,,,,,,,
97,,0.0,,,,,,,,,,
98,,0.012407606421969088,,,,,,,,,,
99,,0.012279525737348489,,,,,,,,,,
100,,0.37537592016651744,,,,,,,,,,
101,,0.03402563699108439,,,,,,,,,,
102,,0.008287637612576637,,,,,,,,,,
103,,0.0,,,,,,,,,,
104,,0.0,,,,,,,,,,
105,,0.13310646700884493,,,,,,,,,,
106,,0.040044422943202,,,,,,,,,,
107,,0.0,,,,,,,,,,
108,,0.0,,,,,,,,,,
109,,0.07032711415507428,,,,,,,,,,
110,,0.0,,,,,,,,,,
111,,0.0484022253425272,,,,,,,,,,
112,,0.0,,,,,,,,,,
113,,7.759763705487018e-06,,,,,,,,,,
114,,0.18218470791527133,,,,,,,,,,
115,,0.03832660987385368,,,,,,,,,,
116,,0.20138433416626966,,,,,,,,,,
117,,0.0,,,,,,,,,,
118,,1.3191174200989969e-05,,,,,,,,,,
119,,0.0,,,,,,,,,,
120,,0.16409605688198414,,,,,,,,,,
121,,0.005693146372374919,,,,,,,,,,
122,,0.0855082517635052,,,,,,,,,,
123,,0.024719856644882805,,,,,,,,,,
124,,0.034806273048093944,,,,,,,,,,
125,,0.09000329247954508,,,,,,,,,,
126,,0.18321027302973256,,,,,,,,,,
127,,0.09917930648239706,,,,,,,,,,
128,,0.0,,,,,,,,,,
129,,1.800207160013789e-06,,,,,,,,,,
130,,0.10608244265012443,,,,,,,,,,
131,,0.0931755940682856,,,,,,,,,,
132,,0.0,,,,,,,,,,
133,,0.0,,,,,,,,,,
134,,0.0,,,,,,,,,,
135,,0.0,,,,,,,,,,
136,,0.0,,,,,,,,,,
137,,0.0,,,,,,,,,,
138,,0.6489212056682577,,,,,,,,,,
139,,0.0,,,,,,,,,,
140,,0.0,,,,,,,,,,
141,,0.04674745105258675,,,,,,,,,,
142,,0.0,,,,,,,,,,
143,,0.0,,,,,,,,,,
144,,0.04920074858712308,,,,,,,,,,
145,,0.5553504482983982,,,,,,,,,,
146,,0.0,,,,,,,,,,
147,,0.0,,,,,,,,,,
148,,0.0,,,,,,,,,,
149,,0.0,,,,,,,,,,
150,,0.0,,,,,,,,,,
151,,0.0,,,,,,,,,,
152,,0.0,,,,,,,,,,
153,,0.0,,,,,,,,,,
154,,0.0004382570525881902,,,,,,,,,,
155,,0.3570323169871837,,,,,,,,,,
156,,0.023898804911116563,,,,,,,,,,
157,,0.017997023882202725,,,,,,,,,,
158,,0.01630895118919744,,,,,,,,,,
159,,0.10128179092867329,,,,,,,,,,
160,,0.6367678422255074,,,,,,,,,,
161,,0.12094562473252168,,,,,,,,,,
162,,0.08945423219494684,,,,,,,,,,
163,,0.05328995871033159,,,,,,,,,,
164,,0.14132996878579399,,,,,,,,,,
165,,0.2993349949172205,,,,,,,,,,
166,,0.1732193645262275,,,,,,,,,,
167,,0.20475019468984718,,,,,,,,,,
168,,0.4177862843947326,,,,,,,,,,
169,,0.0,,,,,,,,,,
170,,0.029540182732698334,,,,,,,,,,
171,,0.014836082650235258,,,,,,,,,,
172,,0.0,,,,,,,,,,
173,,0.0,,,,,,,,,,
174,,0.03820800219091146,,,,,,,,,,
175,,0.20925285271290495,,,,,,,,,,
176,,0.0,,,,,,,,,,
177,,0.38877643629963077,,,,,,,,,,
178,,0.2530604915997625,,,,,,,,,,
179,,0.0,,,,,,,,,,
180,,0.19845754424279216,,,,,,,,,,
181,,0.22034251454703876,,,,,,,,,,
182,,0.5860958317895613,,,,,,,,,,
183,,0.27768783047888473,,,,,,,,,,
184,,0.0,,,,,,,,,,
185,,0.07791629378771593,,,,,,,,,,
186,,0.35953143538198934,,,,,,,,,,
187,,0.3024914731899158,,,,,,,,,,
188,,0.3056882091370985,,,,,,,,,,
189,,0.4281327375738107,,,,,,,,,,
190,,0.0,,,,,,,,,,
191,,0.3565318261823022,,,,,,,,,,
192,,0.4364748871366026,,,,,,,,,,
193,,0.07772717028234759,,,,,,,,,,
194,,0.0,,,,,,,,,,
195,,0.4323726179712848,,,,,,,,,,
196,,0.3757993157293891,,,,,,,,,,
197,,0.07965059960062468,,,,,,,,,,
198,,0.3301544102911135,,,,,,,,,,
199,,0.0338974766326748,,,,,,,,,,
200,,0.0010781676630151702,,,,,,,,,,
201,,0.0,,,,,,,,,,
202,,0.0,,,,,,,,,,
203,,0.20821983806041863,,,,,,,,,,
204,,0.24530426663160979,,,,,,,,,,
205,,0.3623176093802267,,,,,,,,,,
206,,0.0,,,,,,,,,,
207,,0.0,,,,,,,,,,
208,,0.05761590958664873,,,,,,,,,,
209,,0.3614627691844655,,,,,,,,,,
210,,0.0011942306918933834,,,,,,,,,,
211,,0.0,,,,,,,,,,
212,,0.3449908833674682,,,,,,,,,,
213,,0.0,,,,,,,,,,
214,,0.04149565789856475,,,,,,,,,,
215,,0.3331734988840994,,,,,,,,,,
216,,0.32713586465931044,,,,,,,,,,
217,,0.3334372826198515,,,,,,,,,,
218,,0.17825298011816104,,,,,,,,,,
219,,0.34294275855426076,,,,,,,,,,
